Text_ID	ID	Title	Date	Body	Term	Session	Meeting	Sitting	Agenda	Subcorpus	Lang	Speaker_role	Speaker_MP	Speaker_minister	Speaker_party	Speaker_party_name	Party_status	Party_orientation	Speaker_ID	Speaker_name	Speaker_gender	Speaker_birth
ParlaMint-HU-en_2017-06-12	u2017-06-12-0	Hungarian parliamentary corpus ParlaMint-HU, legislative session of 2017 spring, meeting 81, day 1, 2017-06-12 [ParlaMint.ana]	2017-06-12	Unicameralism	7. ciklus	-	81. ülés	1. ülésnap	-	Reference	English	Chairperson	MP	notMinister	-	-	-	-	KoverLaszlo	Kövér, László	M	1959	
ParlaMint-HU-en_2017-06-12	u2017-06-12-1	Hungarian parliamentary corpus ParlaMint-HU, legislative session of 2017 spring, meeting 81, day 1, 2017-06-12 [ParlaMint.ana]	2017-06-12	Unicameralism	7. ciklus	-	81. ülés	1. ülésnap	-	Reference	English	Regular	MP	notMinister	Fidesz-frakció	Parliamentary group of the Fidesz – Hungarian Civic Alliance in the 7th parliamentary term	Coalition	Right to far-right	OrbanViktor	Orbán, Viktor	M	1963	
ParlaMint-HU-en_2017-06-12	u2017-06-12-2	Hungarian parliamentary corpus ParlaMint-HU, legislative session of 2017 spring, meeting 81, day 1, 2017-06-12 [ParlaMint.ana]	2017-06-12	Unicameralism	7. ciklus	-	81. ülés	1. ülésnap	-	Reference	English	Chairperson	MP	notMinister	-	-	-	-	KoverLaszlo	Kövér, László	M	1959	
ParlaMint-HU-en_2017-06-12	u2017-06-12-3	Hungarian parliamentary corpus ParlaMint-HU, legislative session of 2017 spring, meeting 81, day 1, 2017-06-12 [ParlaMint.ana]	2017-06-12	Unicameralism	7. ciklus	-	81. ülés	1. ülésnap	-	Reference	English	Regular	MP	notMinister	MSZP-frakció	Parliamentary group of the Hungarian Socialist Party in the 7th parliamentary term	Opposition	Centre-left	TothBertalan	Tóth, Bertalan	M	1975	
ParlaMint-HU-en_2017-06-12	u2017-06-12-4	Hungarian parliamentary corpus ParlaMint-HU, legislative session of 2017 spring, meeting 81, day 1, 2017-06-12 [ParlaMint.ana]	2017-06-12	Unicameralism	7. ciklus	-	81. ülés	1. ülésnap	-	Reference	English	Chairperson	MP	notMinister	-	-	-	-	KoverLaszlo	Kövér, László	M	1959	
ParlaMint-HU-en_2017-06-12	u2017-06-12-5	Hungarian parliamentary corpus ParlaMint-HU, legislative session of 2017 spring, meeting 81, day 1, 2017-06-12 [ParlaMint.ana]	2017-06-12	Unicameralism	7. ciklus	-	81. ülés	1. ülésnap	-	Reference	English	Regular	MP	notMinister	JOBBIK-frakció	Parliamentary group of the Movement for a Better Hungary in the 7th parliamentary term	Opposition	Centre-right	VonaGabor	Vona, Gábor	M	1978	
ParlaMint-HU-en_2017-06-12	u2017-06-12-6	Hungarian parliamentary corpus ParlaMint-HU, legislative session of 2017 spring, meeting 81, day 1, 2017-06-12 [ParlaMint.ana]	2017-06-12	Unicameralism	7. ciklus	-	81. ülés	1. ülésnap	-	Reference	English	Chairperson	MP	notMinister	-	-	-	-	KoverLaszlo	Kövér, László	M	1959	
ParlaMint-HU-en_2017-06-12	u2017-06-12-7	Hungarian parliamentary corpus ParlaMint-HU, legislative session of 2017 spring, meeting 81, day 1, 2017-06-12 [ParlaMint.ana]	2017-06-12	Unicameralism	7. ciklus	-	81. ülés	1. ülésnap	-	Reference	English	Regular	MP	notMinister	LMP-frakció	Parliamentary group of the Politics Can be Different in the 7th parliamentary term	Opposition	Centre to centre-left	SzelBernadett	Szél, Bernadett	F	1977	
ParlaMint-HU-en_2017-06-12	u2017-06-12-8	Hungarian parliamentary corpus ParlaMint-HU, legislative session of 2017 spring, meeting 81, day 1, 2017-06-12 [ParlaMint.ana]	2017-06-12	Unicameralism	7. ciklus	-	81. ülés	1. ülésnap	-	Reference	English	Chairperson	MP	notMinister	-	-	-	-	KoverLaszlo	Kövér, László	M	1959	
ParlaMint-HU-en_2017-06-12	u2017-06-12-9	Hungarian parliamentary corpus ParlaMint-HU, legislative session of 2017 spring, meeting 81, day 1, 2017-06-12 [ParlaMint.ana]	2017-06-12	Unicameralism	7. ciklus	-	81. ülés	1. ülésnap	-	Reference	English	Regular	MP	notMinister	KNDP-frakció	Parliamentary group of the Christian Democratic People's Party in the 7th parliamentary term	Coalition	Right	HarrachPeter	Harrach, Péter	M	1947	
ParlaMint-HU-en_2017-06-12	u2017-06-12-10	Hungarian parliamentary corpus ParlaMint-HU, legislative session of 2017 spring, meeting 81, day 1, 2017-06-12 [ParlaMint.ana]	2017-06-12	Unicameralism	7. ciklus	-	81. ülés	1. ülésnap	-	Reference	English	Chairperson	MP	notMinister	-	-	-	-	KoverLaszlo	Kövér, László	M	1959	
ParlaMint-HU-en_2017-06-12	u2017-06-12-11	Hungarian parliamentary corpus ParlaMint-HU, legislative session of 2017 spring, meeting 81, day 1, 2017-06-12 [ParlaMint.ana]	2017-06-12	Unicameralism	7. ciklus	-	81. ülés	1. ülésnap	-	Reference	English	Regular	MP	notMinister	Fidesz-frakció	Parliamentary group of the Fidesz – Hungarian Civic Alliance in the 7th parliamentary term	Coalition	Right to far-right	KosaLajos	Kósa, Lajos	M	1964	
ParlaMint-HU-en_2017-06-12	u2017-06-12-12	Hungarian parliamentary corpus ParlaMint-HU, legislative session of 2017 spring, meeting 81, day 1, 2017-06-12 [ParlaMint.ana]	2017-06-12	Unicameralism	7. ciklus	-	81. ülés	1. ülésnap	-	Reference	English	Chairperson	MP	notMinister	-	-	-	-	KoverLaszlo	Kövér, László	M	1959	
ParlaMint-HU-en_2017-06-12	u2017-06-12-13	Hungarian parliamentary corpus ParlaMint-HU, legislative session of 2017 spring, meeting 81, day 1, 2017-06-12 [ParlaMint.ana]	2017-06-12	Unicameralism	7. ciklus	-	81. ülés	1. ülésnap	-	Reference	English	Regular	MP	notMinister	Fidesz-frakció	Parliamentary group of the Fidesz – Hungarian Civic Alliance in the 7th parliamentary term	Coalition	Right to far-right	OrbanViktor	Orbán, Viktor	M	1963	
ParlaMint-HU-en_2017-06-12	u2017-06-12-14	Hungarian parliamentary corpus ParlaMint-HU, legislative session of 2017 spring, meeting 81, day 1, 2017-06-12 [ParlaMint.ana]	2017-06-12	Unicameralism	7. ciklus	-	81. ülés	1. ülésnap	-	Reference	English	Chairperson	MP	notMinister	-	-	-	-	KoverLaszlo	Kövér, László	M	1959	
ParlaMint-HU-en_2017-06-12	u2017-06-12-15	Hungarian parliamentary corpus ParlaMint-HU, legislative session of 2017 spring, meeting 81, day 1, 2017-06-12 [ParlaMint.ana]	2017-06-12	Unicameralism	7. ciklus	-	81. ülés	1. ülésnap	-	Reference	English	Regular	MP	notMinister	Fidesz-frakció	Parliamentary group of the Fidesz – Hungarian Civic Alliance in the 7th parliamentary term	Coalition	Right to far-right	OrbanViktor	Orbán, Viktor	M	1963	
ParlaMint-HU-en_2017-06-12	u2017-06-12-16	Hungarian parliamentary corpus ParlaMint-HU, legislative session of 2017 spring, meeting 81, day 1, 2017-06-12 [ParlaMint.ana]	2017-06-12	Unicameralism	7. ciklus	-	81. ülés	1. ülésnap	-	Reference	English	Chairperson	MP	notMinister	-	-	-	-	KoverLaszlo	Kövér, László	M	1959	
ParlaMint-HU-en_2017-06-12	u2017-06-12-17	Hungarian parliamentary corpus ParlaMint-HU, legislative session of 2017 spring, meeting 81, day 1, 2017-06-12 [ParlaMint.ana]	2017-06-12	Unicameralism	7. ciklus	-	81. ülés	1. ülésnap	-	Reference	English	Regular	MP	notMinister	Fidesz-frakció	Parliamentary group of the Fidesz – Hungarian Civic Alliance in the 7th parliamentary term	Coalition	Right to far-right	OrbanViktor	Orbán, Viktor	M	1963	
ParlaMint-HU-en_2017-06-12	u2017-06-12-18	Hungarian parliamentary corpus ParlaMint-HU, legislative session of 2017 spring, meeting 81, day 1, 2017-06-12 [ParlaMint.ana]	2017-06-12	Unicameralism	7. ciklus	-	81. ülés	1. ülésnap	-	Reference	English	Chairperson	MP	notMinister	-	-	-	-	KoverLaszlo	Kövér, László	M	1959	
ParlaMint-HU-en_2017-06-12	u2017-06-12-19	Hungarian parliamentary corpus ParlaMint-HU, legislative session of 2017 spring, meeting 81, day 1, 2017-06-12 [ParlaMint.ana]	2017-06-12	Unicameralism	7. ciklus	-	81. ülés	1. ülésnap	-	Reference	English	Regular	MP	notMinister	MSZP-frakció	Parliamentary group of the Hungarian Socialist Party in the 7th parliamentary term	Opposition	Centre-left	TothBertalan	Tóth, Bertalan	M	1975	
ParlaMint-HU-en_2017-06-12	u2017-06-12-20	Hungarian parliamentary corpus ParlaMint-HU, legislative session of 2017 spring, meeting 81, day 1, 2017-06-12 [ParlaMint.ana]	2017-06-12	Unicameralism	7. ciklus	-	81. ülés	1. ülésnap	-	Reference	English	Chairperson	MP	notMinister	-	-	-	-	KoverLaszlo	Kövér, László	M	1959	
ParlaMint-HU-en_2017-06-12	u2017-06-12-21	Hungarian parliamentary corpus ParlaMint-HU, legislative session of 2017 spring, meeting 81, day 1, 2017-06-12 [ParlaMint.ana]	2017-06-12	Unicameralism	7. ciklus	-	81. ülés	1. ülésnap	-	Reference	English	Regular	notMP	notMinister	Fidesz	Fidesz – Hungarian Civic Alliance	-	Right to far-right	DomotorCsaba	Dömötör, Csaba	M	1982	
ParlaMint-HU-en_2017-06-12	u2017-06-12-22	Hungarian parliamentary corpus ParlaMint-HU, legislative session of 2017 spring, meeting 81, day 1, 2017-06-12 [ParlaMint.ana]	2017-06-12	Unicameralism	7. ciklus	-	81. ülés	1. ülésnap	-	Reference	English	Chairperson	MP	notMinister	-	-	-	-	KoverLaszlo	Kövér, László	M	1959	
ParlaMint-HU-en_2017-06-12	u2017-06-12-23	Hungarian parliamentary corpus ParlaMint-HU, legislative session of 2017 spring, meeting 81, day 1, 2017-06-12 [ParlaMint.ana]	2017-06-12	Unicameralism	7. ciklus	-	81. ülés	1. ülésnap	-	Reference	English	Regular	MP	notMinister	KNDP-frakció	Parliamentary group of the Christian Democratic People's Party in the 7th parliamentary term	Coalition	Right	HollikIstvan	Hollik, István	M	1982	
ParlaMint-HU-en_2017-06-12	u2017-06-12-24	Hungarian parliamentary corpus ParlaMint-HU, legislative session of 2017 spring, meeting 81, day 1, 2017-06-12 [ParlaMint.ana]	2017-06-12	Unicameralism	7. ciklus	-	81. ülés	1. ülésnap	-	Reference	English	Chairperson	MP	notMinister	-	-	-	-	KoverLaszlo	Kövér, László	M	1959	
ParlaMint-HU-en_2017-06-12	u2017-06-12-25	Hungarian parliamentary corpus ParlaMint-HU, legislative session of 2017 spring, meeting 81, day 1, 2017-06-12 [ParlaMint.ana]	2017-06-12	Unicameralism	7. ciklus	-	81. ülés	1. ülésnap	-	Reference	English	Regular	MP	notMinister	Fidesz-frakció	Parliamentary group of the Fidesz – Hungarian Civic Alliance in the 7th parliamentary term	Coalition	Right to far-right	KontratKaroly	Kontrát, Károly	M	1956	
ParlaMint-HU-en_2017-06-12	u2017-06-12-26	Hungarian parliamentary corpus ParlaMint-HU, legislative session of 2017 spring, meeting 81, day 1, 2017-06-12 [ParlaMint.ana]	2017-06-12	Unicameralism	7. ciklus	-	81. ülés	1. ülésnap	-	Reference	English	Chairperson	MP	notMinister	-	-	-	-	KoverLaszlo	Kövér, László	M	1959	
ParlaMint-HU-en_2017-06-12	u2017-06-12-27	Hungarian parliamentary corpus ParlaMint-HU, legislative session of 2017 spring, meeting 81, day 1, 2017-06-12 [ParlaMint.ana]	2017-06-12	Unicameralism	7. ciklus	-	81. ülés	1. ülésnap	-	Reference	English	Regular	MP	notMinister	JOBBIK-frakció	Parliamentary group of the Movement for a Better Hungary in the 7th parliamentary term	Opposition	Centre-right	ZKarpatDaniel	Z. Kárpát, Dániel	M	1979	
ParlaMint-HU-en_2017-06-12	u2017-06-12-28	Hungarian parliamentary corpus ParlaMint-HU, legislative session of 2017 spring, meeting 81, day 1, 2017-06-12 [ParlaMint.ana]	2017-06-12	Unicameralism	7. ciklus	-	81. ülés	1. ülésnap	-	Reference	English	Chairperson	MP	notMinister	-	-	-	-	KoverLaszlo	Kövér, László	M	1959	
ParlaMint-HU-en_2017-06-12	u2017-06-12-29	Hungarian parliamentary corpus ParlaMint-HU, legislative session of 2017 spring, meeting 81, day 1, 2017-06-12 [ParlaMint.ana]	2017-06-12	Unicameralism	7. ciklus	-	81. ülés	1. ülésnap	-	Reference	English	Regular	notMP	notMinister	Fidesz	Fidesz – Hungarian Civic Alliance	-	Right to far-right	DomotorCsaba	Dömötör, Csaba	M	1982	
ParlaMint-HU-en_2017-06-12	u2017-06-12-30	Hungarian parliamentary corpus ParlaMint-HU, legislative session of 2017 spring, meeting 81, day 1, 2017-06-12 [ParlaMint.ana]	2017-06-12	Unicameralism	7. ciklus	-	81. ülés	1. ülésnap	-	Reference	English	Chairperson	MP	notMinister	-	-	-	-	KoverLaszlo	Kövér, László	M	1959	
ParlaMint-HU-en_2017-06-12	u2017-06-12-31	Hungarian parliamentary corpus ParlaMint-HU, legislative session of 2017 spring, meeting 81, day 1, 2017-06-12 [ParlaMint.ana]	2017-06-12	Unicameralism	7. ciklus	-	81. ülés	1. ülésnap	-	Reference	English	Regular	MP	notMinister	Fidesz-frakció	Parliamentary group of the Fidesz – Hungarian Civic Alliance in the 7th parliamentary term	Coalition	Right to far-right	NemethSzilard	Németh, Szilárd István	M	1964	
ParlaMint-HU-en_2017-06-12	u2017-06-12-32	Hungarian parliamentary corpus ParlaMint-HU, legislative session of 2017 spring, meeting 81, day 1, 2017-06-12 [ParlaMint.ana]	2017-06-12	Unicameralism	7. ciklus	-	81. ülés	1. ülésnap	-	Reference	English	Chairperson	MP	notMinister	-	-	-	-	KoverLaszlo	Kövér, László	M	1959	
ParlaMint-HU-en_2017-06-12	u2017-06-12-33	Hungarian parliamentary corpus ParlaMint-HU, legislative session of 2017 spring, meeting 81, day 1, 2017-06-12 [ParlaMint.ana]	2017-06-12	Unicameralism	7. ciklus	-	81. ülés	1. ülésnap	-	Reference	English	Regular	MP	notMinister	Fidesz-frakció	Parliamentary group of the Fidesz – Hungarian Civic Alliance in the 7th parliamentary term	Coalition	Right to far-right	VolnerPal	Völner, Pál	M	1962	
ParlaMint-HU-en_2017-06-12	u2017-06-12-34	Hungarian parliamentary corpus ParlaMint-HU, legislative session of 2017 spring, meeting 81, day 1, 2017-06-12 [ParlaMint.ana]	2017-06-12	Unicameralism	7. ciklus	-	81. ülés	1. ülésnap	-	Reference	English	Chairperson	MP	notMinister	-	-	-	-	KoverLaszlo	Kövér, László	M	1959	
ParlaMint-HU-en_2017-06-12	u2017-06-12-35	Hungarian parliamentary corpus ParlaMint-HU, legislative session of 2017 spring, meeting 81, day 1, 2017-06-12 [ParlaMint.ana]	2017-06-12	Unicameralism	7. ciklus	-	81. ülés	1. ülésnap	-	Reference	English	Regular	MP	notMinister	LMP-frakció	Parliamentary group of the Politics Can be Different in the 7th parliamentary term	Opposition	Centre to centre-left	SzelBernadett	Szél, Bernadett	F	1977	
ParlaMint-HU-en_2017-06-12	u2017-06-12-36	Hungarian parliamentary corpus ParlaMint-HU, legislative session of 2017 spring, meeting 81, day 1, 2017-06-12 [ParlaMint.ana]	2017-06-12	Unicameralism	7. ciklus	-	81. ülés	1. ülésnap	-	Reference	English	Chairperson	MP	notMinister	-	-	-	-	KoverLaszlo	Kövér, László	M	1959	
ParlaMint-HU-en_2017-06-12	u2017-06-12-37	Hungarian parliamentary corpus ParlaMint-HU, legislative session of 2017 spring, meeting 81, day 1, 2017-06-12 [ParlaMint.ana]	2017-06-12	Unicameralism	7. ciklus	-	81. ülés	1. ülésnap	-	Reference	English	Regular	notMP	notMinister	Fidesz	Fidesz – Hungarian Civic Alliance	-	Right to far-right	DomotorCsaba	Dömötör, Csaba	M	1982	
ParlaMint-HU-en_2017-06-12	u2017-06-12-38	Hungarian parliamentary corpus ParlaMint-HU, legislative session of 2017 spring, meeting 81, day 1, 2017-06-12 [ParlaMint.ana]	2017-06-12	Unicameralism	7. ciklus	-	81. ülés	1. ülésnap	-	Reference	English	Chairperson	MP	notMinister	-	-	-	-	KoverLaszlo	Kövér, László	M	1959	
ParlaMint-HU-en_2017-06-12	u2017-06-12-39	Hungarian parliamentary corpus ParlaMint-HU, legislative session of 2017 spring, meeting 81, day 1, 2017-06-12 [ParlaMint.ana]	2017-06-12	Unicameralism	7. ciklus	-	81. ülés	1. ülésnap	-	Reference	English	Regular	MP	notMinister	MSZP-frakció	Parliamentary group of the Hungarian Socialist Party in the 7th parliamentary term	Opposition	Centre-left	HiszekenyDezso	Hiszékeny, Dezső	M	1956	
ParlaMint-HU-en_2017-06-12	u2017-06-12-40	Hungarian parliamentary corpus ParlaMint-HU, legislative session of 2017 spring, meeting 81, day 1, 2017-06-12 [ParlaMint.ana]	2017-06-12	Unicameralism	7. ciklus	-	81. ülés	1. ülésnap	-	Reference	English	Chairperson	MP	notMinister	-	-	-	-	KoverLaszlo	Kövér, László	M	1959	
ParlaMint-HU-en_2017-06-12	u2017-06-12-41	Hungarian parliamentary corpus ParlaMint-HU, legislative session of 2017 spring, meeting 81, day 1, 2017-06-12 [ParlaMint.ana]	2017-06-12	Unicameralism	7. ciklus	-	81. ülés	1. ülésnap	-	Reference	English	Regular	MP	notMinister	Fidesz-frakció	Parliamentary group of the Fidesz – Hungarian Civic Alliance in the 7th parliamentary term	Coalition	Right to far-right	SzucsLajos	Szűcs, Lajos	M	1964	
ParlaMint-HU-en_2017-06-12	u2017-06-12-42	Hungarian parliamentary corpus ParlaMint-HU, legislative session of 2017 spring, meeting 81, day 1, 2017-06-12 [ParlaMint.ana]	2017-06-12	Unicameralism	7. ciklus	-	81. ülés	1. ülésnap	-	Reference	English	Chairperson	MP	notMinister	-	-	-	-	KoverLaszlo	Kövér, László	M	1959	
ParlaMint-HU-en_2017-06-12	u2017-06-12-43	Hungarian parliamentary corpus ParlaMint-HU, legislative session of 2017 spring, meeting 81, day 1, 2017-06-12 [ParlaMint.ana]	2017-06-12	Unicameralism	7. ciklus	-	81. ülés	1. ülésnap	-	Reference	English	Regular	MP	notMinister	LMP-frakció	Parliamentary group of the Politics Can be Different in the 7th parliamentary term	Opposition	Centre to centre-left	SzelBernadett	Szél, Bernadett	F	1977	
ParlaMint-HU-en_2017-06-12	u2017-06-12-44	Hungarian parliamentary corpus ParlaMint-HU, legislative session of 2017 spring, meeting 81, day 1, 2017-06-12 [ParlaMint.ana]	2017-06-12	Unicameralism	7. ciklus	-	81. ülés	1. ülésnap	-	Reference	English	Chairperson	MP	notMinister	-	-	-	-	KoverLaszlo	Kövér, László	M	1959	
ParlaMint-HU-en_2017-06-12	u2017-06-12-45	Hungarian parliamentary corpus ParlaMint-HU, legislative session of 2017 spring, meeting 81, day 1, 2017-06-12 [ParlaMint.ana]	2017-06-12	Unicameralism	7. ciklus	-	81. ülés	1. ülésnap	-	Reference	English	Chairperson	MP	notMinister	Fidesz-frakció	Parliamentary group of the Fidesz – Hungarian Civic Alliance in the 7th parliamentary term	Coalition	Right to far-right	JakabIstvan	Jakab, István	M	1949	
ParlaMint-HU-en_2017-06-12	u2017-06-12-46	Hungarian parliamentary corpus ParlaMint-HU, legislative session of 2017 spring, meeting 81, day 1, 2017-06-12 [ParlaMint.ana]	2017-06-12	Unicameralism	7. ciklus	-	81. ülés	1. ülésnap	-	Reference	English	Regular	MP	notMinister	Fidesz-frakció	Parliamentary group of the Fidesz – Hungarian Civic Alliance in the 7th parliamentary term	Coalition	Right to far-right	SzucsLajos	Szűcs, Lajos	M	1964	
ParlaMint-HU-en_2017-06-12	u2017-06-12-47	Hungarian parliamentary corpus ParlaMint-HU, legislative session of 2017 spring, meeting 81, day 1, 2017-06-12 [ParlaMint.ana]	2017-06-12	Unicameralism	7. ciklus	-	81. ülés	1. ülésnap	-	Reference	English	Chairperson	MP	notMinister	Fidesz-frakció	Parliamentary group of the Fidesz – Hungarian Civic Alliance in the 7th parliamentary term	Coalition	Right to far-right	JakabIstvan	Jakab, István	M	1949	
ParlaMint-HU-en_2017-06-12	u2017-06-12-48	Hungarian parliamentary corpus ParlaMint-HU, legislative session of 2017 spring, meeting 81, day 1, 2017-06-12 [ParlaMint.ana]	2017-06-12	Unicameralism	7. ciklus	-	81. ülés	1. ülésnap	-	Reference	English	Regular	MP	notMinister	MSZP-frakció	Parliamentary group of the Hungarian Socialist Party in the 7th parliamentary term	Opposition	Centre-left	MesterhazyAttila	Mesterházy, Attila	M	1974	
ParlaMint-HU-en_2017-06-12	u2017-06-12-49	Hungarian parliamentary corpus ParlaMint-HU, legislative session of 2017 spring, meeting 81, day 1, 2017-06-12 [ParlaMint.ana]	2017-06-12	Unicameralism	7. ciklus	-	81. ülés	1. ülésnap	-	Reference	English	Chairperson	MP	notMinister	Fidesz-frakció	Parliamentary group of the Fidesz – Hungarian Civic Alliance in the 7th parliamentary term	Coalition	Right to far-right	JakabIstvan	Jakab, István	M	1949	
ParlaMint-HU-en_2017-06-12	u2017-06-12-50	Hungarian parliamentary corpus ParlaMint-HU, legislative session of 2017 spring, meeting 81, day 1, 2017-06-12 [ParlaMint.ana]	2017-06-12	Unicameralism	7. ciklus	-	81. ülés	1. ülésnap	-	Reference	English	Regular	MP	notMinister	JOBBIK-frakció	Parliamentary group of the Movement for a Better Hungary in the 7th parliamentary term	Opposition	Centre-right	HegedusLorantne	Hegedűs, Lorántné	F	1970	
ParlaMint-HU-en_2017-06-12	u2017-06-12-51	Hungarian parliamentary corpus ParlaMint-HU, legislative session of 2017 spring, meeting 81, day 1, 2017-06-12 [ParlaMint.ana]	2017-06-12	Unicameralism	7. ciklus	-	81. ülés	1. ülésnap	-	Reference	English	Chairperson	MP	notMinister	Fidesz-frakció	Parliamentary group of the Fidesz – Hungarian Civic Alliance in the 7th parliamentary term	Coalition	Right to far-right	JakabIstvan	Jakab, István	M	1949	
ParlaMint-HU-en_2017-06-12	u2017-06-12-52	Hungarian parliamentary corpus ParlaMint-HU, legislative session of 2017 spring, meeting 81, day 1, 2017-06-12 [ParlaMint.ana]	2017-06-12	Unicameralism	7. ciklus	-	81. ülés	1. ülésnap	-	Reference	English	Guest	notMP	notMinister	-	-	-	-	BanaiPeterBeno	Banai, Péter Benő	M	1974	
ParlaMint-HU-en_2017-06-12	u2017-06-12-53	Hungarian parliamentary corpus ParlaMint-HU, legislative session of 2017 spring, meeting 81, day 1, 2017-06-12 [ParlaMint.ana]	2017-06-12	Unicameralism	7. ciklus	-	81. ülés	1. ülésnap	-	Reference	English	Chairperson	MP	notMinister	Fidesz-frakció	Parliamentary group of the Fidesz – Hungarian Civic Alliance in the 7th parliamentary term	Coalition	Right to far-right	JakabIstvan	Jakab, István	M	1949	
ParlaMint-HU-en_2017-06-12	u2017-06-12-54	Hungarian parliamentary corpus ParlaMint-HU, legislative session of 2017 spring, meeting 81, day 1, 2017-06-12 [ParlaMint.ana]	2017-06-12	Unicameralism	7. ciklus	-	81. ülés	1. ülésnap	-	Reference	English	Regular	MP	notMinister	Fidesz-frakció	Parliamentary group of the Fidesz – Hungarian Civic Alliance in the 7th parliamentary term	Coalition	Right to far-right	VantaraGyula	Vantara, Gyula	M	1954	
ParlaMint-HU-en_2017-06-12	u2017-06-12-55	Hungarian parliamentary corpus ParlaMint-HU, legislative session of 2017 spring, meeting 81, day 1, 2017-06-12 [ParlaMint.ana]	2017-06-12	Unicameralism	7. ciklus	-	81. ülés	1. ülésnap	-	Reference	English	Chairperson	MP	notMinister	Fidesz-frakció	Parliamentary group of the Fidesz – Hungarian Civic Alliance in the 7th parliamentary term	Coalition	Right to far-right	JakabIstvan	Jakab, István	M	1949	
ParlaMint-HU-en_2017-06-12	u2017-06-12-56	Hungarian parliamentary corpus ParlaMint-HU, legislative session of 2017 spring, meeting 81, day 1, 2017-06-12 [ParlaMint.ana]	2017-06-12	Unicameralism	7. ciklus	-	81. ülés	1. ülésnap	-	Reference	English	Regular	MP	notMinister	LMP-frakció	Parliamentary group of the Politics Can be Different in the 7th parliamentary term	Opposition	Centre to centre-left	SchmuckErzsebet	Schmuck, Erzsébet	F	1954	
ParlaMint-HU-en_2017-06-12	u2017-06-12-57	Hungarian parliamentary corpus ParlaMint-HU, legislative session of 2017 spring, meeting 81, day 1, 2017-06-12 [ParlaMint.ana]	2017-06-12	Unicameralism	7. ciklus	-	81. ülés	1. ülésnap	-	Reference	English	Chairperson	MP	notMinister	Fidesz-frakció	Parliamentary group of the Fidesz – Hungarian Civic Alliance in the 7th parliamentary term	Coalition	Right to far-right	JakabIstvan	Jakab, István	M	1949	
ParlaMint-HU-en_2017-06-12	u2017-06-12-58	Hungarian parliamentary corpus ParlaMint-HU, legislative session of 2017 spring, meeting 81, day 1, 2017-06-12 [ParlaMint.ana]	2017-06-12	Unicameralism	7. ciklus	-	81. ülés	1. ülésnap	-	Reference	English	Regular	MP	notMinister	MSZP-frakció	Parliamentary group of the Hungarian Socialist Party in the 7th parliamentary term	Opposition	Centre-left	SzakacsLaszlo	Szakács, László	M	1975	
ParlaMint-HU-en_2017-06-12	u2017-06-12-59	Hungarian parliamentary corpus ParlaMint-HU, legislative session of 2017 spring, meeting 81, day 1, 2017-06-12 [ParlaMint.ana]	2017-06-12	Unicameralism	7. ciklus	-	81. ülés	1. ülésnap	-	Reference	English	Chairperson	MP	notMinister	Fidesz-frakció	Parliamentary group of the Fidesz – Hungarian Civic Alliance in the 7th parliamentary term	Coalition	Right to far-right	JakabIstvan	Jakab, István	M	1949	
ParlaMint-HU-en_2017-06-12	u2017-06-12-60	Hungarian parliamentary corpus ParlaMint-HU, legislative session of 2017 spring, meeting 81, day 1, 2017-06-12 [ParlaMint.ana]	2017-06-12	Unicameralism	7. ciklus	-	81. ülés	1. ülésnap	-	Reference	English	Regular	MP	notMinister	Fidesz-frakció	Parliamentary group of the Fidesz – Hungarian Civic Alliance in the 7th parliamentary term	Coalition	Right to far-right	SzucsLajos	Szűcs, Lajos	M	1964	
ParlaMint-HU-en_2017-06-12	u2017-06-12-61	Hungarian parliamentary corpus ParlaMint-HU, legislative session of 2017 spring, meeting 81, day 1, 2017-06-12 [ParlaMint.ana]	2017-06-12	Unicameralism	7. ciklus	-	81. ülés	1. ülésnap	-	Reference	English	Chairperson	MP	notMinister	Fidesz-frakció	Parliamentary group of the Fidesz – Hungarian Civic Alliance in the 7th parliamentary term	Coalition	Right to far-right	JakabIstvan	Jakab, István	M	1949	
ParlaMint-HU-en_2017-06-12	u2017-06-12-62	Hungarian parliamentary corpus ParlaMint-HU, legislative session of 2017 spring, meeting 81, day 1, 2017-06-12 [ParlaMint.ana]	2017-06-12	Unicameralism	7. ciklus	-	81. ülés	1. ülésnap	-	Reference	English	Regular	MP	notMinister	MSZP-frakció	Parliamentary group of the Hungarian Socialist Party in the 7th parliamentary term	Opposition	Centre-left	GurNandor	Gúr, Nándor	M	1957	
ParlaMint-HU-en_2017-06-12	u2017-06-12-63	Hungarian parliamentary corpus ParlaMint-HU, legislative session of 2017 spring, meeting 81, day 1, 2017-06-12 [ParlaMint.ana]	2017-06-12	Unicameralism	7. ciklus	-	81. ülés	1. ülésnap	-	Reference	English	Chairperson	MP	notMinister	Fidesz-frakció	Parliamentary group of the Fidesz – Hungarian Civic Alliance in the 7th parliamentary term	Coalition	Right to far-right	JakabIstvan	Jakab, István	M	1949	
ParlaMint-HU-en_2017-06-12	u2017-06-12-64	Hungarian parliamentary corpus ParlaMint-HU, legislative session of 2017 spring, meeting 81, day 1, 2017-06-12 [ParlaMint.ana]	2017-06-12	Unicameralism	7. ciklus	-	81. ülés	1. ülésnap	-	Reference	English	Regular	MP	notMinister	MSZP-frakció	Parliamentary group of the Hungarian Socialist Party in the 7th parliamentary term	Opposition	Centre-left	LegenyZsolt	Legény, Zsolt	M	1978	
ParlaMint-HU-en_2017-06-12	u2017-06-12-65	Hungarian parliamentary corpus ParlaMint-HU, legislative session of 2017 spring, meeting 81, day 1, 2017-06-12 [ParlaMint.ana]	2017-06-12	Unicameralism	7. ciklus	-	81. ülés	1. ülésnap	-	Reference	English	Chairperson	MP	notMinister	Fidesz-frakció	Parliamentary group of the Fidesz – Hungarian Civic Alliance in the 7th parliamentary term	Coalition	Right to far-right	JakabIstvan	Jakab, István	M	1949	
ParlaMint-HU-en_2017-06-12	u2017-06-12-66	Hungarian parliamentary corpus ParlaMint-HU, legislative session of 2017 spring, meeting 81, day 1, 2017-06-12 [ParlaMint.ana]	2017-06-12	Unicameralism	7. ciklus	-	81. ülés	1. ülésnap	-	Reference	English	Regular	notMP	notMinister	MNOÖ	National Self-Government of Germans in Hungary	-	Centre-right	RitterImre	Ritter, Imre	M	1952	
ParlaMint-HU-en_2017-06-12	u2017-06-12-67	Hungarian parliamentary corpus ParlaMint-HU, legislative session of 2017 spring, meeting 81, day 1, 2017-06-12 [ParlaMint.ana]	2017-06-12	Unicameralism	7. ciklus	-	81. ülés	1. ülésnap	-	Reference	English	Chairperson	MP	notMinister	Fidesz-frakció	Parliamentary group of the Fidesz – Hungarian Civic Alliance in the 7th parliamentary term	Coalition	Right to far-right	JakabIstvan	Jakab, István	M	1949	
ParlaMint-HU-en_2017-06-12	u2017-06-12-68	Hungarian parliamentary corpus ParlaMint-HU, legislative session of 2017 spring, meeting 81, day 1, 2017-06-12 [ParlaMint.ana]	2017-06-12	Unicameralism	7. ciklus	-	81. ülés	1. ülésnap	-	Reference	English	Guest	notMP	notMinister	-	-	-	-	BanaiPeterBeno	Banai, Péter Benő	M	1974	
ParlaMint-HU-en_2017-06-12	u2017-06-12-69	Hungarian parliamentary corpus ParlaMint-HU, legislative session of 2017 spring, meeting 81, day 1, 2017-06-12 [ParlaMint.ana]	2017-06-12	Unicameralism	7. ciklus	-	81. ülés	1. ülésnap	-	Reference	English	Chairperson	MP	notMinister	Fidesz-frakció	Parliamentary group of the Fidesz – Hungarian Civic Alliance in the 7th parliamentary term	Coalition	Right to far-right	JakabIstvan	Jakab, István	M	1949	
ParlaMint-HU-en_2017-06-12	u2017-06-12-70	Hungarian parliamentary corpus ParlaMint-HU, legislative session of 2017 spring, meeting 81, day 1, 2017-06-12 [ParlaMint.ana]	2017-06-12	Unicameralism	7. ciklus	-	81. ülés	1. ülésnap	-	Reference	English	Regular	MP	notMinister	Fidesz-frakció	Parliamentary group of the Fidesz – Hungarian Civic Alliance in the 7th parliamentary term	Coalition	Right to far-right	SzucsLajos	Szűcs, Lajos	M	1964	
ParlaMint-HU-en_2017-06-12	u2017-06-12-71	Hungarian parliamentary corpus ParlaMint-HU, legislative session of 2017 spring, meeting 81, day 1, 2017-06-12 [ParlaMint.ana]	2017-06-12	Unicameralism	7. ciklus	-	81. ülés	1. ülésnap	-	Reference	English	Chairperson	MP	notMinister	Fidesz-frakció	Parliamentary group of the Fidesz – Hungarian Civic Alliance in the 7th parliamentary term	Coalition	Right to far-right	JakabIstvan	Jakab, István	M	1949	
ParlaMint-HU-en_2017-06-12	u2017-06-12-72	Hungarian parliamentary corpus ParlaMint-HU, legislative session of 2017 spring, meeting 81, day 1, 2017-06-12 [ParlaMint.ana]	2017-06-12	Unicameralism	7. ciklus	-	81. ülés	1. ülésnap	-	Reference	English	Regular	MP	notMinister	MSZP-frakció	Parliamentary group of the Hungarian Socialist Party in the 7th parliamentary term	Opposition	Centre-left	MesterhazyAttila	Mesterházy, Attila	M	1974	
ParlaMint-HU-en_2017-06-12	u2017-06-12-73	Hungarian parliamentary corpus ParlaMint-HU, legislative session of 2017 spring, meeting 81, day 1, 2017-06-12 [ParlaMint.ana]	2017-06-12	Unicameralism	7. ciklus	-	81. ülés	1. ülésnap	-	Reference	English	Chairperson	MP	notMinister	Fidesz-frakció	Parliamentary group of the Fidesz – Hungarian Civic Alliance in the 7th parliamentary term	Coalition	Right to far-right	JakabIstvan	Jakab, István	M	1949	
ParlaMint-HU-en_2017-06-12	u2017-06-12-74	Hungarian parliamentary corpus ParlaMint-HU, legislative session of 2017 spring, meeting 81, day 1, 2017-06-12 [ParlaMint.ana]	2017-06-12	Unicameralism	7. ciklus	-	81. ülés	1. ülésnap	-	Reference	English	Regular	MP	notMinister	JOBBIK-frakció	Parliamentary group of the Movement for a Better Hungary in the 7th parliamentary term	Opposition	Centre-right	HegedusLorantne	Hegedűs, Lorántné	F	1970	
ParlaMint-HU-en_2017-06-12	u2017-06-12-75	Hungarian parliamentary corpus ParlaMint-HU, legislative session of 2017 spring, meeting 81, day 1, 2017-06-12 [ParlaMint.ana]	2017-06-12	Unicameralism	7. ciklus	-	81. ülés	1. ülésnap	-	Reference	English	Chairperson	MP	notMinister	Fidesz-frakció	Parliamentary group of the Fidesz – Hungarian Civic Alliance in the 7th parliamentary term	Coalition	Right to far-right	LezsakSandor	Lezsák, Sándor	M	1949	
ParlaMint-HU-en_2017-06-12	u2017-06-12-76	Hungarian parliamentary corpus ParlaMint-HU, legislative session of 2017 spring, meeting 81, day 1, 2017-06-12 [ParlaMint.ana]	2017-06-12	Unicameralism	7. ciklus	-	81. ülés	1. ülésnap	-	Reference	English	Regular	MP	notMinister	LMP-frakció	Parliamentary group of the Politics Can be Different in the 7th parliamentary term	Opposition	Centre to centre-left	SchmuckErzsebet	Schmuck, Erzsébet	F	1954	
ParlaMint-HU-en_2017-06-12	u2017-06-12-77	Hungarian parliamentary corpus ParlaMint-HU, legislative session of 2017 spring, meeting 81, day 1, 2017-06-12 [ParlaMint.ana]	2017-06-12	Unicameralism	7. ciklus	-	81. ülés	1. ülésnap	-	Reference	English	Chairperson	MP	notMinister	Fidesz-frakció	Parliamentary group of the Fidesz – Hungarian Civic Alliance in the 7th parliamentary term	Coalition	Right to far-right	LezsakSandor	Lezsák, Sándor	M	1949	
ParlaMint-HU-en_2017-06-12	u2017-06-12-78	Hungarian parliamentary corpus ParlaMint-HU, legislative session of 2017 spring, meeting 81, day 1, 2017-06-12 [ParlaMint.ana]	2017-06-12	Unicameralism	7. ciklus	-	81. ülés	1. ülésnap	-	Reference	English	Regular	MP	notMinister	-	-	-	-	SzelenyiZsuzsanna	Szelényi, Zsuzsanna	F	1966	
ParlaMint-HU-en_2017-06-12	u2017-06-12-79	Hungarian parliamentary corpus ParlaMint-HU, legislative session of 2017 spring, meeting 81, day 1, 2017-06-12 [ParlaMint.ana]	2017-06-12	Unicameralism	7. ciklus	-	81. ülés	1. ülésnap	-	Reference	English	Chairperson	MP	notMinister	Fidesz-frakció	Parliamentary group of the Fidesz – Hungarian Civic Alliance in the 7th parliamentary term	Coalition	Right to far-right	LezsakSandor	Lezsák, Sándor	M	1949	
ParlaMint-HU-en_2017-06-12	u2017-06-12-80	Hungarian parliamentary corpus ParlaMint-HU, legislative session of 2017 spring, meeting 81, day 1, 2017-06-12 [ParlaMint.ana]	2017-06-12	Unicameralism	7. ciklus	-	81. ülés	1. ülésnap	-	Reference	English	Guest	notMP	notMinister	-	-	-	-	BanaiPeterBeno	Banai, Péter Benő	M	1974	
ParlaMint-HU-en_2017-06-12	u2017-06-12-81	Hungarian parliamentary corpus ParlaMint-HU, legislative session of 2017 spring, meeting 81, day 1, 2017-06-12 [ParlaMint.ana]	2017-06-12	Unicameralism	7. ciklus	-	81. ülés	1. ülésnap	-	Reference	English	Chairperson	MP	notMinister	Fidesz-frakció	Parliamentary group of the Fidesz – Hungarian Civic Alliance in the 7th parliamentary term	Coalition	Right to far-right	LezsakSandor	Lezsák, Sándor	M	1949	
ParlaMint-HU-en_2017-06-12	u2017-06-12-82	Hungarian parliamentary corpus ParlaMint-HU, legislative session of 2017 spring, meeting 81, day 1, 2017-06-12 [ParlaMint.ana]	2017-06-12	Unicameralism	7. ciklus	-	81. ülés	1. ülésnap	-	Reference	English	Regular	MP	notMinister	JOBBIK-frakció	Parliamentary group of the Movement for a Better Hungary in the 7th parliamentary term	Opposition	Centre-right	ZKarpatDaniel	Z. Kárpát, Dániel	M	1979	
ParlaMint-HU-en_2017-06-12	u2017-06-12-83	Hungarian parliamentary corpus ParlaMint-HU, legislative session of 2017 spring, meeting 81, day 1, 2017-06-12 [ParlaMint.ana]	2017-06-12	Unicameralism	7. ciklus	-	81. ülés	1. ülésnap	-	Reference	English	Chairperson	MP	notMinister	Fidesz-frakció	Parliamentary group of the Fidesz – Hungarian Civic Alliance in the 7th parliamentary term	Coalition	Right to far-right	LezsakSandor	Lezsák, Sándor	M	1949	
ParlaMint-HU-en_2017-06-12	u2017-06-12-84	Hungarian parliamentary corpus ParlaMint-HU, legislative session of 2017 spring, meeting 81, day 1, 2017-06-12 [ParlaMint.ana]	2017-06-12	Unicameralism	7. ciklus	-	81. ülés	1. ülésnap	-	Reference	English	Regular	MP	notMinister	Fidesz-frakció	Parliamentary group of the Fidesz – Hungarian Civic Alliance in the 7th parliamentary term	Coalition	Right to far-right	WitzmannMihaly	Witzmann, Mihály	M	1977	
ParlaMint-HU-en_2017-06-12	u2017-06-12-85	Hungarian parliamentary corpus ParlaMint-HU, legislative session of 2017 spring, meeting 81, day 1, 2017-06-12 [ParlaMint.ana]	2017-06-12	Unicameralism	7. ciklus	-	81. ülés	1. ülésnap	-	Reference	English	Chairperson	MP	notMinister	Fidesz-frakció	Parliamentary group of the Fidesz – Hungarian Civic Alliance in the 7th parliamentary term	Coalition	Right to far-right	LezsakSandor	Lezsák, Sándor	M	1949	
ParlaMint-HU-en_2017-06-12	u2017-06-12-86	Hungarian parliamentary corpus ParlaMint-HU, legislative session of 2017 spring, meeting 81, day 1, 2017-06-12 [ParlaMint.ana]	2017-06-12	Unicameralism	7. ciklus	-	81. ülés	1. ülésnap	-	Reference	English	Regular	MP	notMinister	MSZP-frakció	Parliamentary group of the Hungarian Socialist Party in the 7th parliamentary term	Opposition	Centre-left	BangoneBorbelyIldiko	Bangóné Borbély, Ildikó	F	1972	
ParlaMint-HU-en_2017-06-12	u2017-06-12-87	Hungarian parliamentary corpus ParlaMint-HU, legislative session of 2017 spring, meeting 81, day 1, 2017-06-12 [ParlaMint.ana]	2017-06-12	Unicameralism	7. ciklus	-	81. ülés	1. ülésnap	-	Reference	English	Chairperson	MP	notMinister	Fidesz-frakció	Parliamentary group of the Fidesz – Hungarian Civic Alliance in the 7th parliamentary term	Coalition	Right to far-right	LezsakSandor	Lezsák, Sándor	M	1949	
ParlaMint-HU-en_2017-06-12	u2017-06-12-88	Hungarian parliamentary corpus ParlaMint-HU, legislative session of 2017 spring, meeting 81, day 1, 2017-06-12 [ParlaMint.ana]	2017-06-12	Unicameralism	7. ciklus	-	81. ülés	1. ülésnap	-	Reference	English	Regular	MP	notMinister	LMP-frakció	Parliamentary group of the Politics Can be Different in the 7th parliamentary term	Opposition	Centre to centre-left	SallaiRBenedek	Sallai R., Benedek	M	1974	
ParlaMint-HU-en_2017-06-12	u2017-06-12-89	Hungarian parliamentary corpus ParlaMint-HU, legislative session of 2017 spring, meeting 81, day 1, 2017-06-12 [ParlaMint.ana]	2017-06-12	Unicameralism	7. ciklus	-	81. ülés	1. ülésnap	-	Reference	English	Chairperson	MP	notMinister	Fidesz-frakció	Parliamentary group of the Fidesz – Hungarian Civic Alliance in the 7th parliamentary term	Coalition	Right to far-right	LezsakSandor	Lezsák, Sándor	M	1949	
ParlaMint-HU-en_2017-06-12	u2017-06-12-90	Hungarian parliamentary corpus ParlaMint-HU, legislative session of 2017 spring, meeting 81, day 1, 2017-06-12 [ParlaMint.ana]	2017-06-12	Unicameralism	7. ciklus	-	81. ülés	1. ülésnap	-	Reference	English	Regular	notMP	notMinister	MNOÖ	National Self-Government of Germans in Hungary	-	Centre-right	RitterImre	Ritter, Imre	M	1952	
ParlaMint-HU-en_2017-06-12	u2017-06-12-91	Hungarian parliamentary corpus ParlaMint-HU, legislative session of 2017 spring, meeting 81, day 1, 2017-06-12 [ParlaMint.ana]	2017-06-12	Unicameralism	7. ciklus	-	81. ülés	1. ülésnap	-	Reference	English	Chairperson	MP	notMinister	Fidesz-frakció	Parliamentary group of the Fidesz – Hungarian Civic Alliance in the 7th parliamentary term	Coalition	Right to far-right	LezsakSandor	Lezsák, Sándor	M	1949	
ParlaMint-HU-en_2017-06-12	u2017-06-12-92	Hungarian parliamentary corpus ParlaMint-HU, legislative session of 2017 spring, meeting 81, day 1, 2017-06-12 [ParlaMint.ana]	2017-06-12	Unicameralism	7. ciklus	-	81. ülés	1. ülésnap	-	Reference	English	Regular	MP	notMinister	MSZP-frakció	Parliamentary group of the Hungarian Socialist Party in the 7th parliamentary term	Opposition	Centre-left	GurNandor	Gúr, Nándor	M	1957	
ParlaMint-HU-en_2017-06-12	u2017-06-12-93	Hungarian parliamentary corpus ParlaMint-HU, legislative session of 2017 spring, meeting 81, day 1, 2017-06-12 [ParlaMint.ana]	2017-06-12	Unicameralism	7. ciklus	-	81. ülés	1. ülésnap	-	Reference	English	Chairperson	MP	notMinister	Fidesz-frakció	Parliamentary group of the Fidesz – Hungarian Civic Alliance in the 7th parliamentary term	Coalition	Right to far-right	LezsakSandor	Lezsák, Sándor	M	1949	
ParlaMint-HU-en_2017-06-12	u2017-06-12-94	Hungarian parliamentary corpus ParlaMint-HU, legislative session of 2017 spring, meeting 81, day 1, 2017-06-12 [ParlaMint.ana]	2017-06-12	Unicameralism	7. ciklus	-	81. ülés	1. ülésnap	-	Reference	English	Regular	MP	notMinister	MSZP-frakció	Parliamentary group of the Hungarian Socialist Party in the 7th parliamentary term	Opposition	Centre-left	SzakacsLaszlo	Szakács, László	M	1975	
ParlaMint-HU-en_2017-06-12	u2017-06-12-95	Hungarian parliamentary corpus ParlaMint-HU, legislative session of 2017 spring, meeting 81, day 1, 2017-06-12 [ParlaMint.ana]	2017-06-12	Unicameralism	7. ciklus	-	81. ülés	1. ülésnap	-	Reference	English	Chairperson	MP	notMinister	Fidesz-frakció	Parliamentary group of the Fidesz – Hungarian Civic Alliance in the 7th parliamentary term	Coalition	Right to far-right	LezsakSandor	Lezsák, Sándor	M	1949	
ParlaMint-HU-en_2017-06-12	u2017-06-12-96	Hungarian parliamentary corpus ParlaMint-HU, legislative session of 2017 spring, meeting 81, day 1, 2017-06-12 [ParlaMint.ana]	2017-06-12	Unicameralism	7. ciklus	-	81. ülés	1. ülésnap	-	Reference	English	Guest	notMP	notMinister	-	-	-	-	BanaiPeterBeno	Banai, Péter Benő	M	1974	
ParlaMint-HU-en_2017-06-12	u2017-06-12-97	Hungarian parliamentary corpus ParlaMint-HU, legislative session of 2017 spring, meeting 81, day 1, 2017-06-12 [ParlaMint.ana]	2017-06-12	Unicameralism	7. ciklus	-	81. ülés	1. ülésnap	-	Reference	English	Chairperson	MP	notMinister	Fidesz-frakció	Parliamentary group of the Fidesz – Hungarian Civic Alliance in the 7th parliamentary term	Coalition	Right to far-right	LezsakSandor	Lezsák, Sándor	M	1949	
ParlaMint-HU-en_2017-06-12	u2017-06-12-98	Hungarian parliamentary corpus ParlaMint-HU, legislative session of 2017 spring, meeting 81, day 1, 2017-06-12 [ParlaMint.ana]	2017-06-12	Unicameralism	7. ciklus	-	81. ülés	1. ülésnap	-	Reference	English	Regular	MP	notMinister	MSZP-frakció	Parliamentary group of the Hungarian Socialist Party in the 7th parliamentary term	Opposition	Centre-left	HillerIstvan	Hiller, István	M	1964	
ParlaMint-HU-en_2017-06-12	u2017-06-12-99	Hungarian parliamentary corpus ParlaMint-HU, legislative session of 2017 spring, meeting 81, day 1, 2017-06-12 [ParlaMint.ana]	2017-06-12	Unicameralism	7. ciklus	-	81. ülés	1. ülésnap	-	Reference	English	Chairperson	MP	notMinister	Fidesz-frakció	Parliamentary group of the Fidesz – Hungarian Civic Alliance in the 7th parliamentary term	Coalition	Right to far-right	LezsakSandor	Lezsák, Sándor	M	1949	
ParlaMint-HU-en_2017-06-12	u2017-06-12-100	Hungarian parliamentary corpus ParlaMint-HU, legislative session of 2017 spring, meeting 81, day 1, 2017-06-12 [ParlaMint.ana]	2017-06-12	Unicameralism	7. ciklus	-	81. ülés	1. ülésnap	-	Reference	English	Regular	MP	notMinister	KNDP-frakció	Parliamentary group of the Christian Democratic People's Party in the 7th parliamentary term	Coalition	Right	RetvariBence	Rétvári, Bence	M	1979	
ParlaMint-HU-en_2017-06-12	u2017-06-12-101	Hungarian parliamentary corpus ParlaMint-HU, legislative session of 2017 spring, meeting 81, day 1, 2017-06-12 [ParlaMint.ana]	2017-06-12	Unicameralism	7. ciklus	-	81. ülés	1. ülésnap	-	Reference	English	Chairperson	MP	notMinister	Fidesz-frakció	Parliamentary group of the Fidesz – Hungarian Civic Alliance in the 7th parliamentary term	Coalition	Right to far-right	LezsakSandor	Lezsák, Sándor	M	1949	
ParlaMint-HU-en_2017-06-12	u2017-06-12-102	Hungarian parliamentary corpus ParlaMint-HU, legislative session of 2017 spring, meeting 81, day 1, 2017-06-12 [ParlaMint.ana]	2017-06-12	Unicameralism	7. ciklus	-	81. ülés	1. ülésnap	-	Reference	English	Regular	MP	notMinister	MSZP-frakció	Parliamentary group of the Hungarian Socialist Party in the 7th parliamentary term	Opposition	Centre-left	HillerIstvan	Hiller, István	M	1964	
ParlaMint-HU-en_2017-06-12	u2017-06-12-103	Hungarian parliamentary corpus ParlaMint-HU, legislative session of 2017 spring, meeting 81, day 1, 2017-06-12 [ParlaMint.ana]	2017-06-12	Unicameralism	7. ciklus	-	81. ülés	1. ülésnap	-	Reference	English	Chairperson	MP	notMinister	Fidesz-frakció	Parliamentary group of the Fidesz – Hungarian Civic Alliance in the 7th parliamentary term	Coalition	Right to far-right	LezsakSandor	Lezsák, Sándor	M	1949	
ParlaMint-HU-en_2017-06-12	u2017-06-12-104	Hungarian parliamentary corpus ParlaMint-HU, legislative session of 2017 spring, meeting 81, day 1, 2017-06-12 [ParlaMint.ana]	2017-06-12	Unicameralism	7. ciklus	-	81. ülés	1. ülésnap	-	Reference	English	Regular	MP	notMinister	JOBBIK-frakció	Parliamentary group of the Movement for a Better Hungary in the 7th parliamentary term	Opposition	Centre-right	EgyedZsolt	Egyed, Zsolt	M	1974	
ParlaMint-HU-en_2017-06-12	u2017-06-12-105	Hungarian parliamentary corpus ParlaMint-HU, legislative session of 2017 spring, meeting 81, day 1, 2017-06-12 [ParlaMint.ana]	2017-06-12	Unicameralism	7. ciklus	-	81. ülés	1. ülésnap	-	Reference	English	Chairperson	MP	notMinister	Fidesz-frakció	Parliamentary group of the Fidesz – Hungarian Civic Alliance in the 7th parliamentary term	Coalition	Right to far-right	LezsakSandor	Lezsák, Sándor	M	1949	
ParlaMint-HU-en_2017-06-12	u2017-06-12-106	Hungarian parliamentary corpus ParlaMint-HU, legislative session of 2017 spring, meeting 81, day 1, 2017-06-12 [ParlaMint.ana]	2017-06-12	Unicameralism	7. ciklus	-	81. ülés	1. ülésnap	-	Reference	English	Regular	MP	Minister	Fidesz-frakció	Parliamentary group of the Fidesz – Hungarian Civic Alliance in the 7th parliamentary term	Coalition	Right to far-right	FazekasSandor	Fazekas, Sándor	M	1963	
ParlaMint-HU-en_2017-06-12	u2017-06-12-107	Hungarian parliamentary corpus ParlaMint-HU, legislative session of 2017 spring, meeting 81, day 1, 2017-06-12 [ParlaMint.ana]	2017-06-12	Unicameralism	7. ciklus	-	81. ülés	1. ülésnap	-	Reference	English	Chairperson	MP	notMinister	Fidesz-frakció	Parliamentary group of the Fidesz – Hungarian Civic Alliance in the 7th parliamentary term	Coalition	Right to far-right	LezsakSandor	Lezsák, Sándor	M	1949	
ParlaMint-HU-en_2017-06-12	u2017-06-12-108	Hungarian parliamentary corpus ParlaMint-HU, legislative session of 2017 spring, meeting 81, day 1, 2017-06-12 [ParlaMint.ana]	2017-06-12	Unicameralism	7. ciklus	-	81. ülés	1. ülésnap	-	Reference	English	Regular	MP	notMinister	JOBBIK-frakció	Parliamentary group of the Movement for a Better Hungary in the 7th parliamentary term	Opposition	Centre-right	EgyedZsolt	Egyed, Zsolt	M	1974	
ParlaMint-HU-en_2017-06-12	u2017-06-12-109	Hungarian parliamentary corpus ParlaMint-HU, legislative session of 2017 spring, meeting 81, day 1, 2017-06-12 [ParlaMint.ana]	2017-06-12	Unicameralism	7. ciklus	-	81. ülés	1. ülésnap	-	Reference	English	Chairperson	MP	notMinister	Fidesz-frakció	Parliamentary group of the Fidesz – Hungarian Civic Alliance in the 7th parliamentary term	Coalition	Right to far-right	LezsakSandor	Lezsák, Sándor	M	1949	
ParlaMint-HU-en_2017-06-12	u2017-06-12-110	Hungarian parliamentary corpus ParlaMint-HU, legislative session of 2017 spring, meeting 81, day 1, 2017-06-12 [ParlaMint.ana]	2017-06-12	Unicameralism	7. ciklus	-	81. ülés	1. ülésnap	-	Reference	English	Regular	MP	notMinister	LMP-frakció	Parliamentary group of the Politics Can be Different in the 7th parliamentary term	Opposition	Centre to centre-left	SchmuckErzsebet	Schmuck, Erzsébet	F	1954	
ParlaMint-HU-en_2017-06-12	u2017-06-12-111	Hungarian parliamentary corpus ParlaMint-HU, legislative session of 2017 spring, meeting 81, day 1, 2017-06-12 [ParlaMint.ana]	2017-06-12	Unicameralism	7. ciklus	-	81. ülés	1. ülésnap	-	Reference	English	Chairperson	MP	notMinister	Fidesz-frakció	Parliamentary group of the Fidesz – Hungarian Civic Alliance in the 7th parliamentary term	Coalition	Right to far-right	LezsakSandor	Lezsák, Sándor	M	1949	
ParlaMint-HU-en_2017-06-12	u2017-06-12-112	Hungarian parliamentary corpus ParlaMint-HU, legislative session of 2017 spring, meeting 81, day 1, 2017-06-12 [ParlaMint.ana]	2017-06-12	Unicameralism	7. ciklus	-	81. ülés	1. ülésnap	-	Reference	English	Regular	MP	notMinister	Fidesz-frakció	Parliamentary group of the Fidesz – Hungarian Civic Alliance in the 7th parliamentary term	Coalition	Right to far-right	SzaboZsolt	Szabó, Zsolt	M	1963	
ParlaMint-HU-en_2017-06-12	u2017-06-12-113	Hungarian parliamentary corpus ParlaMint-HU, legislative session of 2017 spring, meeting 81, day 1, 2017-06-12 [ParlaMint.ana]	2017-06-12	Unicameralism	7. ciklus	-	81. ülés	1. ülésnap	-	Reference	English	Chairperson	MP	notMinister	KNDP-frakció	Parliamentary group of the Christian Democratic People's Party in the 7th parliamentary term	Coalition	Right	LatorcaiJanos	Latorcai, János	M	1944	
ParlaMint-HU-en_2017-06-12	u2017-06-12-114	Hungarian parliamentary corpus ParlaMint-HU, legislative session of 2017 spring, meeting 81, day 1, 2017-06-12 [ParlaMint.ana]	2017-06-12	Unicameralism	7. ciklus	-	81. ülés	1. ülésnap	-	Reference	English	Regular	MP	notMinister	LMP-frakció	Parliamentary group of the Politics Can be Different in the 7th parliamentary term	Opposition	Centre to centre-left	SchmuckErzsebet	Schmuck, Erzsébet	F	1954	
ParlaMint-HU-en_2017-06-12	u2017-06-12-115	Hungarian parliamentary corpus ParlaMint-HU, legislative session of 2017 spring, meeting 81, day 1, 2017-06-12 [ParlaMint.ana]	2017-06-12	Unicameralism	7. ciklus	-	81. ülés	1. ülésnap	-	Reference	English	Chairperson	MP	notMinister	KNDP-frakció	Parliamentary group of the Christian Democratic People's Party in the 7th parliamentary term	Coalition	Right	LatorcaiJanos	Latorcai, János	M	1944	
ParlaMint-HU-en_2017-06-12	u2017-06-12-116	Hungarian parliamentary corpus ParlaMint-HU, legislative session of 2017 spring, meeting 81, day 1, 2017-06-12 [ParlaMint.ana]	2017-06-12	Unicameralism	7. ciklus	-	81. ülés	1. ülésnap	-	Reference	English	Regular	MP	notMinister	Fidesz-frakció	Parliamentary group of the Fidesz – Hungarian Civic Alliance in the 7th parliamentary term	Coalition	Right to far-right	HorcsikRichard	Hörcsik, Richárd	M	1955	
ParlaMint-HU-en_2017-06-12	u2017-06-12-117	Hungarian parliamentary corpus ParlaMint-HU, legislative session of 2017 spring, meeting 81, day 1, 2017-06-12 [ParlaMint.ana]	2017-06-12	Unicameralism	7. ciklus	-	81. ülés	1. ülésnap	-	Reference	English	Chairperson	MP	notMinister	KNDP-frakció	Parliamentary group of the Christian Democratic People's Party in the 7th parliamentary term	Coalition	Right	LatorcaiJanos	Latorcai, János	M	1944	
ParlaMint-HU-en_2017-06-12	u2017-06-12-118	Hungarian parliamentary corpus ParlaMint-HU, legislative session of 2017 spring, meeting 81, day 1, 2017-06-12 [ParlaMint.ana]	2017-06-12	Unicameralism	7. ciklus	-	81. ülés	1. ülésnap	-	Reference	English	Guest	notMP	notMinister	-	-	-	-	MikolaIstvan	Mikola, István	M	1947	
ParlaMint-HU-en_2017-06-12	u2017-06-12-119	Hungarian parliamentary corpus ParlaMint-HU, legislative session of 2017 spring, meeting 81, day 1, 2017-06-12 [ParlaMint.ana]	2017-06-12	Unicameralism	7. ciklus	-	81. ülés	1. ülésnap	-	Reference	English	Chairperson	MP	notMinister	KNDP-frakció	Parliamentary group of the Christian Democratic People's Party in the 7th parliamentary term	Coalition	Right	LatorcaiJanos	Latorcai, János	M	1944	
ParlaMint-HU-en_2017-06-12	u2017-06-12-120	Hungarian parliamentary corpus ParlaMint-HU, legislative session of 2017 spring, meeting 81, day 1, 2017-06-12 [ParlaMint.ana]	2017-06-12	Unicameralism	7. ciklus	-	81. ülés	1. ülésnap	-	Reference	English	Regular	MP	notMinister	Fidesz-frakció	Parliamentary group of the Fidesz – Hungarian Civic Alliance in the 7th parliamentary term	Coalition	Right to far-right	HorcsikRichard	Hörcsik, Richárd	M	1955	
ParlaMint-HU-en_2017-06-12	u2017-06-12-121	Hungarian parliamentary corpus ParlaMint-HU, legislative session of 2017 spring, meeting 81, day 1, 2017-06-12 [ParlaMint.ana]	2017-06-12	Unicameralism	7. ciklus	-	81. ülés	1. ülésnap	-	Reference	English	Chairperson	MP	notMinister	KNDP-frakció	Parliamentary group of the Christian Democratic People's Party in the 7th parliamentary term	Coalition	Right	LatorcaiJanos	Latorcai, János	M	1944	
ParlaMint-HU-en_2017-06-12	u2017-06-12-122	Hungarian parliamentary corpus ParlaMint-HU, legislative session of 2017 spring, meeting 81, day 1, 2017-06-12 [ParlaMint.ana]	2017-06-12	Unicameralism	7. ciklus	-	81. ülés	1. ülésnap	-	Reference	English	Regular	MP	notMinister	MSZP-frakció	Parliamentary group of the Hungarian Socialist Party in the 7th parliamentary term	Opposition	Centre-left	BuranySandor	Burány, Sándor	M	1956	
ParlaMint-HU-en_2017-06-12	u2017-06-12-123	Hungarian parliamentary corpus ParlaMint-HU, legislative session of 2017 spring, meeting 81, day 1, 2017-06-12 [ParlaMint.ana]	2017-06-12	Unicameralism	7. ciklus	-	81. ülés	1. ülésnap	-	Reference	English	Chairperson	MP	notMinister	KNDP-frakció	Parliamentary group of the Christian Democratic People's Party in the 7th parliamentary term	Coalition	Right	LatorcaiJanos	Latorcai, János	M	1944	
ParlaMint-HU-en_2017-06-12	u2017-06-12-124	Hungarian parliamentary corpus ParlaMint-HU, legislative session of 2017 spring, meeting 81, day 1, 2017-06-12 [ParlaMint.ana]	2017-06-12	Unicameralism	7. ciklus	-	81. ülés	1. ülésnap	-	Reference	English	Regular	MP	notMinister	Fidesz-frakció	Parliamentary group of the Fidesz – Hungarian Civic Alliance in the 7th parliamentary term	Coalition	Right to far-right	TuzsonBence	Tuzson, Bence	M	1972	
ParlaMint-HU-en_2017-06-12	u2017-06-12-125	Hungarian parliamentary corpus ParlaMint-HU, legislative session of 2017 spring, meeting 81, day 1, 2017-06-12 [ParlaMint.ana]	2017-06-12	Unicameralism	7. ciklus	-	81. ülés	1. ülésnap	-	Reference	English	Chairperson	MP	notMinister	KNDP-frakció	Parliamentary group of the Christian Democratic People's Party in the 7th parliamentary term	Coalition	Right	LatorcaiJanos	Latorcai, János	M	1944	
ParlaMint-HU-en_2017-06-12	u2017-06-12-126	Hungarian parliamentary corpus ParlaMint-HU, legislative session of 2017 spring, meeting 81, day 1, 2017-06-12 [ParlaMint.ana]	2017-06-12	Unicameralism	7. ciklus	-	81. ülés	1. ülésnap	-	Reference	English	Regular	MP	notMinister	MSZP-frakció	Parliamentary group of the Hungarian Socialist Party in the 7th parliamentary term	Opposition	Centre-left	BuranySandor	Burány, Sándor	M	1956	
ParlaMint-HU-en_2017-06-12	u2017-06-12-127	Hungarian parliamentary corpus ParlaMint-HU, legislative session of 2017 spring, meeting 81, day 1, 2017-06-12 [ParlaMint.ana]	2017-06-12	Unicameralism	7. ciklus	-	81. ülés	1. ülésnap	-	Reference	English	Chairperson	MP	notMinister	KNDP-frakció	Parliamentary group of the Christian Democratic People's Party in the 7th parliamentary term	Coalition	Right	LatorcaiJanos	Latorcai, János	M	1944	
ParlaMint-HU-en_2017-06-12	u2017-06-12-128	Hungarian parliamentary corpus ParlaMint-HU, legislative session of 2017 spring, meeting 81, day 1, 2017-06-12 [ParlaMint.ana]	2017-06-12	Unicameralism	7. ciklus	-	81. ülés	1. ülésnap	-	Reference	English	Regular	MP	notMinister	JOBBIK-frakció	Parliamentary group of the Movement for a Better Hungary in the 7th parliamentary term	Opposition	Centre-right	HegedusLorantne	Hegedűs, Lorántné	F	1970	
ParlaMint-HU-en_2017-06-12	u2017-06-12-129	Hungarian parliamentary corpus ParlaMint-HU, legislative session of 2017 spring, meeting 81, day 1, 2017-06-12 [ParlaMint.ana]	2017-06-12	Unicameralism	7. ciklus	-	81. ülés	1. ülésnap	-	Reference	English	Chairperson	MP	notMinister	KNDP-frakció	Parliamentary group of the Christian Democratic People's Party in the 7th parliamentary term	Coalition	Right	LatorcaiJanos	Latorcai, János	M	1944	
ParlaMint-HU-en_2017-06-12	u2017-06-12-130	Hungarian parliamentary corpus ParlaMint-HU, legislative session of 2017 spring, meeting 81, day 1, 2017-06-12 [ParlaMint.ana]	2017-06-12	Unicameralism	7. ciklus	-	81. ülés	1. ülésnap	-	Reference	English	Regular	MP	notMinister	Fidesz-frakció	Parliamentary group of the Fidesz – Hungarian Civic Alliance in the 7th parliamentary term	Coalition	Right to far-right	FonagyJanos	Fónagy, János	M	1942	
ParlaMint-HU-en_2017-06-12	u2017-06-12-131	Hungarian parliamentary corpus ParlaMint-HU, legislative session of 2017 spring, meeting 81, day 1, 2017-06-12 [ParlaMint.ana]	2017-06-12	Unicameralism	7. ciklus	-	81. ülés	1. ülésnap	-	Reference	English	Chairperson	MP	notMinister	KNDP-frakció	Parliamentary group of the Christian Democratic People's Party in the 7th parliamentary term	Coalition	Right	LatorcaiJanos	Latorcai, János	M	1944	
ParlaMint-HU-en_2017-06-12	u2017-06-12-132	Hungarian parliamentary corpus ParlaMint-HU, legislative session of 2017 spring, meeting 81, day 1, 2017-06-12 [ParlaMint.ana]	2017-06-12	Unicameralism	7. ciklus	-	81. ülés	1. ülésnap	-	Reference	English	Regular	MP	notMinister	JOBBIK-frakció	Parliamentary group of the Movement for a Better Hungary in the 7th parliamentary term	Opposition	Centre-right	HegedusLorantne	Hegedűs, Lorántné	F	1970	
ParlaMint-HU-en_2017-06-12	u2017-06-12-133	Hungarian parliamentary corpus ParlaMint-HU, legislative session of 2017 spring, meeting 81, day 1, 2017-06-12 [ParlaMint.ana]	2017-06-12	Unicameralism	7. ciklus	-	81. ülés	1. ülésnap	-	Reference	English	Chairperson	MP	notMinister	KNDP-frakció	Parliamentary group of the Christian Democratic People's Party in the 7th parliamentary term	Coalition	Right	LatorcaiJanos	Latorcai, János	M	1944	
ParlaMint-HU-en_2017-06-12	u2017-06-12-134	Hungarian parliamentary corpus ParlaMint-HU, legislative session of 2017 spring, meeting 81, day 1, 2017-06-12 [ParlaMint.ana]	2017-06-12	Unicameralism	7. ciklus	-	81. ülés	1. ülésnap	-	Reference	English	Regular	MP	notMinister	KNDP-frakció	Parliamentary group of the Christian Democratic People's Party in the 7th parliamentary term	Coalition	Right	SzaszfalviLaszlo	Szászfalvi, László	M	1961	
ParlaMint-HU-en_2017-06-12	u2017-06-12-135	Hungarian parliamentary corpus ParlaMint-HU, legislative session of 2017 spring, meeting 81, day 1, 2017-06-12 [ParlaMint.ana]	2017-06-12	Unicameralism	7. ciklus	-	81. ülés	1. ülésnap	-	Reference	English	Chairperson	MP	notMinister	KNDP-frakció	Parliamentary group of the Christian Democratic People's Party in the 7th parliamentary term	Coalition	Right	LatorcaiJanos	Latorcai, János	M	1944	
ParlaMint-HU-en_2017-06-12	u2017-06-12-136	Hungarian parliamentary corpus ParlaMint-HU, legislative session of 2017 spring, meeting 81, day 1, 2017-06-12 [ParlaMint.ana]	2017-06-12	Unicameralism	7. ciklus	-	81. ülés	1. ülésnap	-	Reference	English	Regular	MP	notMinister	Fidesz-frakció	Parliamentary group of the Fidesz – Hungarian Civic Alliance in the 7th parliamentary term	Coalition	Right to far-right	CseresnyesPeter	Cseresnyés, Péter	M	1960	
ParlaMint-HU-en_2017-06-12	u2017-06-12-137	Hungarian parliamentary corpus ParlaMint-HU, legislative session of 2017 spring, meeting 81, day 1, 2017-06-12 [ParlaMint.ana]	2017-06-12	Unicameralism	7. ciklus	-	81. ülés	1. ülésnap	-	Reference	English	Chairperson	MP	notMinister	KNDP-frakció	Parliamentary group of the Christian Democratic People's Party in the 7th parliamentary term	Coalition	Right	LatorcaiJanos	Latorcai, János	M	1944	
ParlaMint-HU-en_2017-06-12	u2017-06-12-138	Hungarian parliamentary corpus ParlaMint-HU, legislative session of 2017 spring, meeting 81, day 1, 2017-06-12 [ParlaMint.ana]	2017-06-12	Unicameralism	7. ciklus	-	81. ülés	1. ülésnap	-	Reference	English	Regular	MP	notMinister	KNDP-frakció	Parliamentary group of the Christian Democratic People's Party in the 7th parliamentary term	Coalition	Right	SzaszfalviLaszlo	Szászfalvi, László	M	1961	
ParlaMint-HU-en_2017-06-12	u2017-06-12-139	Hungarian parliamentary corpus ParlaMint-HU, legislative session of 2017 spring, meeting 81, day 1, 2017-06-12 [ParlaMint.ana]	2017-06-12	Unicameralism	7. ciklus	-	81. ülés	1. ülésnap	-	Reference	English	Chairperson	MP	notMinister	KNDP-frakció	Parliamentary group of the Christian Democratic People's Party in the 7th parliamentary term	Coalition	Right	LatorcaiJanos	Latorcai, János	M	1944	
ParlaMint-HU-en_2017-06-12	u2017-06-12-140	Hungarian parliamentary corpus ParlaMint-HU, legislative session of 2017 spring, meeting 81, day 1, 2017-06-12 [ParlaMint.ana]	2017-06-12	Unicameralism	7. ciklus	-	81. ülés	1. ülésnap	-	Reference	English	Regular	MP	notMinister	Fidesz-frakció	Parliamentary group of the Fidesz – Hungarian Civic Alliance in the 7th parliamentary term	Coalition	Right to far-right	NemethSzilard	Németh, Szilárd István	M	1964	
ParlaMint-HU-en_2017-06-12	u2017-06-12-141	Hungarian parliamentary corpus ParlaMint-HU, legislative session of 2017 spring, meeting 81, day 1, 2017-06-12 [ParlaMint.ana]	2017-06-12	Unicameralism	7. ciklus	-	81. ülés	1. ülésnap	-	Reference	English	Chairperson	MP	notMinister	KNDP-frakció	Parliamentary group of the Christian Democratic People's Party in the 7th parliamentary term	Coalition	Right	LatorcaiJanos	Latorcai, János	M	1944	
ParlaMint-HU-en_2017-06-12	u2017-06-12-142	Hungarian parliamentary corpus ParlaMint-HU, legislative session of 2017 spring, meeting 81, day 1, 2017-06-12 [ParlaMint.ana]	2017-06-12	Unicameralism	7. ciklus	-	81. ülés	1. ülésnap	-	Reference	English	Regular	MP	Minister	Fidesz-frakció	Parliamentary group of the Fidesz – Hungarian Civic Alliance in the 7th parliamentary term	Coalition	Right to far-right	FazekasSandor	Fazekas, Sándor	M	1963	
ParlaMint-HU-en_2017-06-12	u2017-06-12-143	Hungarian parliamentary corpus ParlaMint-HU, legislative session of 2017 spring, meeting 81, day 1, 2017-06-12 [ParlaMint.ana]	2017-06-12	Unicameralism	7. ciklus	-	81. ülés	1. ülésnap	-	Reference	English	Chairperson	MP	notMinister	KNDP-frakció	Parliamentary group of the Christian Democratic People's Party in the 7th parliamentary term	Coalition	Right	LatorcaiJanos	Latorcai, János	M	1944	
ParlaMint-HU-en_2017-06-12	u2017-06-12-144	Hungarian parliamentary corpus ParlaMint-HU, legislative session of 2017 spring, meeting 81, day 1, 2017-06-12 [ParlaMint.ana]	2017-06-12	Unicameralism	7. ciklus	-	81. ülés	1. ülésnap	-	Reference	English	Regular	MP	notMinister	Fidesz-frakció	Parliamentary group of the Fidesz – Hungarian Civic Alliance in the 7th parliamentary term	Coalition	Right to far-right	NemethSzilard	Németh, Szilárd István	M	1964	
ParlaMint-HU-en_2017-06-12	u2017-06-12-145	Hungarian parliamentary corpus ParlaMint-HU, legislative session of 2017 spring, meeting 81, day 1, 2017-06-12 [ParlaMint.ana]	2017-06-12	Unicameralism	7. ciklus	-	81. ülés	1. ülésnap	-	Reference	English	Chairperson	MP	notMinister	KNDP-frakció	Parliamentary group of the Christian Democratic People's Party in the 7th parliamentary term	Coalition	Right	LatorcaiJanos	Latorcai, János	M	1944	
ParlaMint-HU-en_2017-06-12	u2017-06-12-146	Hungarian parliamentary corpus ParlaMint-HU, legislative session of 2017 spring, meeting 81, day 1, 2017-06-12 [ParlaMint.ana]	2017-06-12	Unicameralism	7. ciklus	-	81. ülés	1. ülésnap	-	Reference	English	Regular	MP	notMinister	MSZP-frakció	Parliamentary group of the Hungarian Socialist Party in the 7th parliamentary term	Opposition	Centre-left	HarangozoTamas	Harangozó, Tamás Attila	M	1979	
ParlaMint-HU-en_2017-06-12	u2017-06-12-147	Hungarian parliamentary corpus ParlaMint-HU, legislative session of 2017 spring, meeting 81, day 1, 2017-06-12 [ParlaMint.ana]	2017-06-12	Unicameralism	7. ciklus	-	81. ülés	1. ülésnap	-	Reference	English	Chairperson	MP	notMinister	KNDP-frakció	Parliamentary group of the Christian Democratic People's Party in the 7th parliamentary term	Coalition	Right	LatorcaiJanos	Latorcai, János	M	1944	
ParlaMint-HU-en_2017-06-12	u2017-06-12-148	Hungarian parliamentary corpus ParlaMint-HU, legislative session of 2017 spring, meeting 81, day 1, 2017-06-12 [ParlaMint.ana]	2017-06-12	Unicameralism	7. ciklus	-	81. ülés	1. ülésnap	-	Reference	English	Regular	MP	Minister	Fidesz-frakció	Parliamentary group of the Fidesz – Hungarian Civic Alliance in the 7th parliamentary term	Coalition	Right to far-right	BalogZoltan	Balog, Zoltán	M	1958	
ParlaMint-HU-en_2017-06-12	u2017-06-12-149	Hungarian parliamentary corpus ParlaMint-HU, legislative session of 2017 spring, meeting 81, day 1, 2017-06-12 [ParlaMint.ana]	2017-06-12	Unicameralism	7. ciklus	-	81. ülés	1. ülésnap	-	Reference	English	Chairperson	MP	notMinister	KNDP-frakció	Parliamentary group of the Christian Democratic People's Party in the 7th parliamentary term	Coalition	Right	LatorcaiJanos	Latorcai, János	M	1944	
ParlaMint-HU-en_2017-06-12	u2017-06-12-150	Hungarian parliamentary corpus ParlaMint-HU, legislative session of 2017 spring, meeting 81, day 1, 2017-06-12 [ParlaMint.ana]	2017-06-12	Unicameralism	7. ciklus	-	81. ülés	1. ülésnap	-	Reference	English	Regular	MP	notMinister	MSZP-frakció	Parliamentary group of the Hungarian Socialist Party in the 7th parliamentary term	Opposition	Centre-left	HarangozoTamas	Harangozó, Tamás Attila	M	1979	
ParlaMint-HU-en_2017-06-12	u2017-06-12-151	Hungarian parliamentary corpus ParlaMint-HU, legislative session of 2017 spring, meeting 81, day 1, 2017-06-12 [ParlaMint.ana]	2017-06-12	Unicameralism	7. ciklus	-	81. ülés	1. ülésnap	-	Reference	English	Chairperson	MP	notMinister	KNDP-frakció	Parliamentary group of the Christian Democratic People's Party in the 7th parliamentary term	Coalition	Right	LatorcaiJanos	Latorcai, János	M	1944	
ParlaMint-HU-en_2017-06-12	u2017-06-12-152	Hungarian parliamentary corpus ParlaMint-HU, legislative session of 2017 spring, meeting 81, day 1, 2017-06-12 [ParlaMint.ana]	2017-06-12	Unicameralism	7. ciklus	-	81. ülés	1. ülésnap	-	Reference	English	Regular	MP	Minister	Fidesz-frakció	Parliamentary group of the Fidesz – Hungarian Civic Alliance in the 7th parliamentary term	Coalition	Right to far-right	BalogZoltan	Balog, Zoltán	M	1958	
ParlaMint-HU-en_2017-06-12	u2017-06-12-153	Hungarian parliamentary corpus ParlaMint-HU, legislative session of 2017 spring, meeting 81, day 1, 2017-06-12 [ParlaMint.ana]	2017-06-12	Unicameralism	7. ciklus	-	81. ülés	1. ülésnap	-	Reference	English	Chairperson	MP	notMinister	KNDP-frakció	Parliamentary group of the Christian Democratic People's Party in the 7th parliamentary term	Coalition	Right	LatorcaiJanos	Latorcai, János	M	1944	
ParlaMint-HU-en_2017-06-12	u2017-06-12-154	Hungarian parliamentary corpus ParlaMint-HU, legislative session of 2017 spring, meeting 81, day 1, 2017-06-12 [ParlaMint.ana]	2017-06-12	Unicameralism	7. ciklus	-	81. ülés	1. ülésnap	-	Reference	English	Regular	MP	Minister	Fidesz-frakció	Parliamentary group of the Fidesz – Hungarian Civic Alliance in the 7th parliamentary term	Coalition	Right to far-right	BalogZoltan	Balog, Zoltán	M	1958	
ParlaMint-HU-en_2017-06-12	u2017-06-12-155	Hungarian parliamentary corpus ParlaMint-HU, legislative session of 2017 spring, meeting 81, day 1, 2017-06-12 [ParlaMint.ana]	2017-06-12	Unicameralism	7. ciklus	-	81. ülés	1. ülésnap	-	Reference	English	Chairperson	MP	notMinister	KNDP-frakció	Parliamentary group of the Christian Democratic People's Party in the 7th parliamentary term	Coalition	Right	LatorcaiJanos	Latorcai, János	M	1944	
ParlaMint-HU-en_2017-06-12	u2017-06-12-156	Hungarian parliamentary corpus ParlaMint-HU, legislative session of 2017 spring, meeting 81, day 1, 2017-06-12 [ParlaMint.ana]	2017-06-12	Unicameralism	7. ciklus	-	81. ülés	1. ülésnap	-	Reference	English	Regular	MP	notMinister	JOBBIK-frakció	Parliamentary group of the Movement for a Better Hungary in the 7th parliamentary term	Opposition	Centre-right	GyongyosiMarton	Gyöngyösi, Márton	M	1977	
ParlaMint-HU-en_2017-06-12	u2017-06-12-157	Hungarian parliamentary corpus ParlaMint-HU, legislative session of 2017 spring, meeting 81, day 1, 2017-06-12 [ParlaMint.ana]	2017-06-12	Unicameralism	7. ciklus	-	81. ülés	1. ülésnap	-	Reference	English	Chairperson	MP	notMinister	KNDP-frakció	Parliamentary group of the Christian Democratic People's Party in the 7th parliamentary term	Coalition	Right	LatorcaiJanos	Latorcai, János	M	1944	
ParlaMint-HU-en_2017-06-12	u2017-06-12-158	Hungarian parliamentary corpus ParlaMint-HU, legislative session of 2017 spring, meeting 81, day 1, 2017-06-12 [ParlaMint.ana]	2017-06-12	Unicameralism	7. ciklus	-	81. ülés	1. ülésnap	-	Reference	English	Regular	MP	notMinister	JOBBIK-frakció	Parliamentary group of the Movement for a Better Hungary in the 7th parliamentary term	Opposition	Centre-right	SzavayIstvan	Szávay, István	M	1981	
ParlaMint-HU-en_2017-06-12	u2017-06-12-159	Hungarian parliamentary corpus ParlaMint-HU, legislative session of 2017 spring, meeting 81, day 1, 2017-06-12 [ParlaMint.ana]	2017-06-12	Unicameralism	7. ciklus	-	81. ülés	1. ülésnap	-	Reference	English	Chairperson	MP	notMinister	KNDP-frakció	Parliamentary group of the Christian Democratic People's Party in the 7th parliamentary term	Coalition	Right	LatorcaiJanos	Latorcai, János	M	1944	
ParlaMint-HU-en_2017-06-12	u2017-06-12-160	Hungarian parliamentary corpus ParlaMint-HU, legislative session of 2017 spring, meeting 81, day 1, 2017-06-12 [ParlaMint.ana]	2017-06-12	Unicameralism	7. ciklus	-	81. ülés	1. ülésnap	-	Reference	English	Regular	MP	notMinister	JOBBIK-frakció	Parliamentary group of the Movement for a Better Hungary in the 7th parliamentary term	Opposition	Centre-right	SzavayIstvan	Szávay, István	M	1981	
ParlaMint-HU-en_2017-06-12	u2017-06-12-161	Hungarian parliamentary corpus ParlaMint-HU, legislative session of 2017 spring, meeting 81, day 1, 2017-06-12 [ParlaMint.ana]	2017-06-12	Unicameralism	7. ciklus	-	81. ülés	1. ülésnap	-	Reference	English	Chairperson	MP	notMinister	KNDP-frakció	Parliamentary group of the Christian Democratic People's Party in the 7th parliamentary term	Coalition	Right	LatorcaiJanos	Latorcai, János	M	1944	
ParlaMint-HU-en_2017-06-12	u2017-06-12-162	Hungarian parliamentary corpus ParlaMint-HU, legislative session of 2017 spring, meeting 81, day 1, 2017-06-12 [ParlaMint.ana]	2017-06-12	Unicameralism	7. ciklus	-	81. ülés	1. ülésnap	-	Reference	English	Regular	MP	Minister	Fidesz-frakció	Parliamentary group of the Fidesz – Hungarian Civic Alliance in the 7th parliamentary term	Coalition	Right to far-right	LazarJanos	Lázár, János	M	1975	
ParlaMint-HU-en_2017-06-12	u2017-06-12-163	Hungarian parliamentary corpus ParlaMint-HU, legislative session of 2017 spring, meeting 81, day 1, 2017-06-12 [ParlaMint.ana]	2017-06-12	Unicameralism	7. ciklus	-	81. ülés	1. ülésnap	-	Reference	English	Chairperson	MP	notMinister	KNDP-frakció	Parliamentary group of the Christian Democratic People's Party in the 7th parliamentary term	Coalition	Right	LatorcaiJanos	Latorcai, János	M	1944	
ParlaMint-HU-en_2017-06-12	u2017-06-12-164	Hungarian parliamentary corpus ParlaMint-HU, legislative session of 2017 spring, meeting 81, day 1, 2017-06-12 [ParlaMint.ana]	2017-06-12	Unicameralism	7. ciklus	-	81. ülés	1. ülésnap	-	Reference	English	Regular	MP	notMinister	JOBBIK-frakció	Parliamentary group of the Movement for a Better Hungary in the 7th parliamentary term	Opposition	Centre-right	SzavayIstvan	Szávay, István	M	1981	
ParlaMint-HU-en_2017-06-12	u2017-06-12-165	Hungarian parliamentary corpus ParlaMint-HU, legislative session of 2017 spring, meeting 81, day 1, 2017-06-12 [ParlaMint.ana]	2017-06-12	Unicameralism	7. ciklus	-	81. ülés	1. ülésnap	-	Reference	English	Chairperson	MP	notMinister	KNDP-frakció	Parliamentary group of the Christian Democratic People's Party in the 7th parliamentary term	Coalition	Right	LatorcaiJanos	Latorcai, János	M	1944	
ParlaMint-HU-en_2017-06-12	u2017-06-12-166	Hungarian parliamentary corpus ParlaMint-HU, legislative session of 2017 spring, meeting 81, day 1, 2017-06-12 [ParlaMint.ana]	2017-06-12	Unicameralism	7. ciklus	-	81. ülés	1. ülésnap	-	Reference	English	Regular	MP	Minister	Fidesz-frakció	Parliamentary group of the Fidesz – Hungarian Civic Alliance in the 7th parliamentary term	Coalition	Right to far-right	LazarJanos	Lázár, János	M	1975	
ParlaMint-HU-en_2017-06-12	u2017-06-12-167	Hungarian parliamentary corpus ParlaMint-HU, legislative session of 2017 spring, meeting 81, day 1, 2017-06-12 [ParlaMint.ana]	2017-06-12	Unicameralism	7. ciklus	-	81. ülés	1. ülésnap	-	Reference	English	Chairperson	MP	notMinister	KNDP-frakció	Parliamentary group of the Christian Democratic People's Party in the 7th parliamentary term	Coalition	Right	LatorcaiJanos	Latorcai, János	M	1944	
ParlaMint-HU-en_2017-06-12	u2017-06-12-168	Hungarian parliamentary corpus ParlaMint-HU, legislative session of 2017 spring, meeting 81, day 1, 2017-06-12 [ParlaMint.ana]	2017-06-12	Unicameralism	7. ciklus	-	81. ülés	1. ülésnap	-	Reference	English	Regular	MP	notMinister	LMP-frakció	Parliamentary group of the Politics Can be Different in the 7th parliamentary term	Opposition	Centre to centre-left	SzelBernadett	Szél, Bernadett	F	1977	
ParlaMint-HU-en_2017-06-12	u2017-06-12-169	Hungarian parliamentary corpus ParlaMint-HU, legislative session of 2017 spring, meeting 81, day 1, 2017-06-12 [ParlaMint.ana]	2017-06-12	Unicameralism	7. ciklus	-	81. ülés	1. ülésnap	-	Reference	English	Chairperson	MP	notMinister	KNDP-frakció	Parliamentary group of the Christian Democratic People's Party in the 7th parliamentary term	Coalition	Right	LatorcaiJanos	Latorcai, János	M	1944	
ParlaMint-HU-en_2017-06-12	u2017-06-12-170	Hungarian parliamentary corpus ParlaMint-HU, legislative session of 2017 spring, meeting 81, day 1, 2017-06-12 [ParlaMint.ana]	2017-06-12	Unicameralism	7. ciklus	-	81. ülés	1. ülésnap	-	Reference	English	Regular	MP	notMinister	Fidesz-frakció	Parliamentary group of the Fidesz – Hungarian Civic Alliance in the 7th parliamentary term	Coalition	Right to far-right	TuzsonBence	Tuzson, Bence	M	1972	
ParlaMint-HU-en_2017-06-12	u2017-06-12-171	Hungarian parliamentary corpus ParlaMint-HU, legislative session of 2017 spring, meeting 81, day 1, 2017-06-12 [ParlaMint.ana]	2017-06-12	Unicameralism	7. ciklus	-	81. ülés	1. ülésnap	-	Reference	English	Chairperson	MP	notMinister	KNDP-frakció	Parliamentary group of the Christian Democratic People's Party in the 7th parliamentary term	Coalition	Right	LatorcaiJanos	Latorcai, János	M	1944	
ParlaMint-HU-en_2017-06-12	u2017-06-12-172	Hungarian parliamentary corpus ParlaMint-HU, legislative session of 2017 spring, meeting 81, day 1, 2017-06-12 [ParlaMint.ana]	2017-06-12	Unicameralism	7. ciklus	-	81. ülés	1. ülésnap	-	Reference	English	Regular	MP	notMinister	LMP-frakció	Parliamentary group of the Politics Can be Different in the 7th parliamentary term	Opposition	Centre to centre-left	SzelBernadett	Szél, Bernadett	F	1977	
ParlaMint-HU-en_2017-06-12	u2017-06-12-173	Hungarian parliamentary corpus ParlaMint-HU, legislative session of 2017 spring, meeting 81, day 1, 2017-06-12 [ParlaMint.ana]	2017-06-12	Unicameralism	7. ciklus	-	81. ülés	1. ülésnap	-	Reference	English	Chairperson	MP	notMinister	KNDP-frakció	Parliamentary group of the Christian Democratic People's Party in the 7th parliamentary term	Coalition	Right	LatorcaiJanos	Latorcai, János	M	1944	
ParlaMint-HU-en_2017-06-12	u2017-06-12-174	Hungarian parliamentary corpus ParlaMint-HU, legislative session of 2017 spring, meeting 81, day 1, 2017-06-12 [ParlaMint.ana]	2017-06-12	Unicameralism	7. ciklus	-	81. ülés	1. ülésnap	-	Reference	English	Regular	MP	notMinister	Fidesz-frakció	Parliamentary group of the Fidesz – Hungarian Civic Alliance in the 7th parliamentary term	Coalition	Right to far-right	TuzsonBence	Tuzson, Bence	M	1972	
ParlaMint-HU-en_2017-06-12	u2017-06-12-175	Hungarian parliamentary corpus ParlaMint-HU, legislative session of 2017 spring, meeting 81, day 1, 2017-06-12 [ParlaMint.ana]	2017-06-12	Unicameralism	7. ciklus	-	81. ülés	1. ülésnap	-	Reference	English	Chairperson	MP	notMinister	KNDP-frakció	Parliamentary group of the Christian Democratic People's Party in the 7th parliamentary term	Coalition	Right	LatorcaiJanos	Latorcai, János	M	1944	
ParlaMint-HU-en_2017-06-12	u2017-06-12-176	Hungarian parliamentary corpus ParlaMint-HU, legislative session of 2017 spring, meeting 81, day 1, 2017-06-12 [ParlaMint.ana]	2017-06-12	Unicameralism	7. ciklus	-	81. ülés	1. ülésnap	-	Reference	English	Regular	MP	notMinister	Fidesz-frakció	Parliamentary group of the Fidesz – Hungarian Civic Alliance in the 7th parliamentary term	Coalition	Right to far-right	CsiziPeter	Csizi, Péter	M	1982	
ParlaMint-HU-en_2017-06-12	u2017-06-12-177	Hungarian parliamentary corpus ParlaMint-HU, legislative session of 2017 spring, meeting 81, day 1, 2017-06-12 [ParlaMint.ana]	2017-06-12	Unicameralism	7. ciklus	-	81. ülés	1. ülésnap	-	Reference	English	Chairperson	MP	notMinister	KNDP-frakció	Parliamentary group of the Christian Democratic People's Party in the 7th parliamentary term	Coalition	Right	LatorcaiJanos	Latorcai, János	M	1944	
ParlaMint-HU-en_2017-06-12	u2017-06-12-178	Hungarian parliamentary corpus ParlaMint-HU, legislative session of 2017 spring, meeting 81, day 1, 2017-06-12 [ParlaMint.ana]	2017-06-12	Unicameralism	7. ciklus	-	81. ülés	1. ülésnap	-	Reference	English	Regular	MP	notMinister	Fidesz-frakció	Parliamentary group of the Fidesz – Hungarian Civic Alliance in the 7th parliamentary term	Coalition	Right to far-right	KontratKaroly	Kontrát, Károly	M	1956	
ParlaMint-HU-en_2017-06-12	u2017-06-12-179	Hungarian parliamentary corpus ParlaMint-HU, legislative session of 2017 spring, meeting 81, day 1, 2017-06-12 [ParlaMint.ana]	2017-06-12	Unicameralism	7. ciklus	-	81. ülés	1. ülésnap	-	Reference	English	Chairperson	MP	notMinister	KNDP-frakció	Parliamentary group of the Christian Democratic People's Party in the 7th parliamentary term	Coalition	Right	LatorcaiJanos	Latorcai, János	M	1944	
ParlaMint-HU-en_2017-06-12	u2017-06-12-180	Hungarian parliamentary corpus ParlaMint-HU, legislative session of 2017 spring, meeting 81, day 1, 2017-06-12 [ParlaMint.ana]	2017-06-12	Unicameralism	7. ciklus	-	81. ülés	1. ülésnap	-	Reference	English	Regular	MP	notMinister	Fidesz-frakció	Parliamentary group of the Fidesz – Hungarian Civic Alliance in the 7th parliamentary term	Coalition	Right to far-right	CsiziPeter	Csizi, Péter	M	1982	
ParlaMint-HU-en_2017-06-12	u2017-06-12-181	Hungarian parliamentary corpus ParlaMint-HU, legislative session of 2017 spring, meeting 81, day 1, 2017-06-12 [ParlaMint.ana]	2017-06-12	Unicameralism	7. ciklus	-	81. ülés	1. ülésnap	-	Reference	English	Chairperson	MP	notMinister	KNDP-frakció	Parliamentary group of the Christian Democratic People's Party in the 7th parliamentary term	Coalition	Right	LatorcaiJanos	Latorcai, János	M	1944	
ParlaMint-HU-en_2017-06-12	u2017-06-12-182	Hungarian parliamentary corpus ParlaMint-HU, legislative session of 2017 spring, meeting 81, day 1, 2017-06-12 [ParlaMint.ana]	2017-06-12	Unicameralism	7. ciklus	-	81. ülés	1. ülésnap	-	Reference	English	Regular	MP	notMinister	Fidesz-frakció	Parliamentary group of the Fidesz – Hungarian Civic Alliance in the 7th parliamentary term	Coalition	Right to far-right	KontratKaroly	Kontrát, Károly	M	1956	
ParlaMint-HU-en_2017-06-12	u2017-06-12-183	Hungarian parliamentary corpus ParlaMint-HU, legislative session of 2017 spring, meeting 81, day 1, 2017-06-12 [ParlaMint.ana]	2017-06-12	Unicameralism	7. ciklus	-	81. ülés	1. ülésnap	-	Reference	English	Chairperson	MP	notMinister	KNDP-frakció	Parliamentary group of the Christian Democratic People's Party in the 7th parliamentary term	Coalition	Right	LatorcaiJanos	Latorcai, János	M	1944	
ParlaMint-HU-en_2017-06-12	u2017-06-12-184	Hungarian parliamentary corpus ParlaMint-HU, legislative session of 2017 spring, meeting 81, day 1, 2017-06-12 [ParlaMint.ana]	2017-06-12	Unicameralism	7. ciklus	-	81. ülés	1. ülésnap	-	Reference	English	Regular	MP	notMinister	MSZP-frakció	Parliamentary group of the Hungarian Socialist Party in the 7th parliamentary term	Opposition	Centre-left	HeringesAnita	Heringes, Anita	F	1984	
ParlaMint-HU-en_2017-06-12	u2017-06-12-185	Hungarian parliamentary corpus ParlaMint-HU, legislative session of 2017 spring, meeting 81, day 1, 2017-06-12 [ParlaMint.ana]	2017-06-12	Unicameralism	7. ciklus	-	81. ülés	1. ülésnap	-	Reference	English	Chairperson	MP	notMinister	KNDP-frakció	Parliamentary group of the Christian Democratic People's Party in the 7th parliamentary term	Coalition	Right	LatorcaiJanos	Latorcai, János	M	1944	
ParlaMint-HU-en_2017-06-12	u2017-06-12-186	Hungarian parliamentary corpus ParlaMint-HU, legislative session of 2017 spring, meeting 81, day 1, 2017-06-12 [ParlaMint.ana]	2017-06-12	Unicameralism	7. ciklus	-	81. ülés	1. ülésnap	-	Reference	English	Regular	MP	notMinister	MSZP-frakció	Parliamentary group of the Hungarian Socialist Party in the 7th parliamentary term	Opposition	Centre-left	HeringesAnita	Heringes, Anita	F	1984	
ParlaMint-HU-en_2017-06-12	u2017-06-12-187	Hungarian parliamentary corpus ParlaMint-HU, legislative session of 2017 spring, meeting 81, day 1, 2017-06-12 [ParlaMint.ana]	2017-06-12	Unicameralism	7. ciklus	-	81. ülés	1. ülésnap	-	Reference	English	Chairperson	MP	notMinister	KNDP-frakció	Parliamentary group of the Christian Democratic People's Party in the 7th parliamentary term	Coalition	Right	LatorcaiJanos	Latorcai, János	M	1944	
ParlaMint-HU-en_2017-06-12	u2017-06-12-188	Hungarian parliamentary corpus ParlaMint-HU, legislative session of 2017 spring, meeting 81, day 1, 2017-06-12 [ParlaMint.ana]	2017-06-12	Unicameralism	7. ciklus	-	81. ülés	1. ülésnap	-	Reference	English	Regular	MP	notMinister	Fidesz-frakció	Parliamentary group of the Fidesz – Hungarian Civic Alliance in the 7th parliamentary term	Coalition	Right to far-right	FonagyJanos	Fónagy, János	M	1942	
ParlaMint-HU-en_2017-06-12	u2017-06-12-189	Hungarian parliamentary corpus ParlaMint-HU, legislative session of 2017 spring, meeting 81, day 1, 2017-06-12 [ParlaMint.ana]	2017-06-12	Unicameralism	7. ciklus	-	81. ülés	1. ülésnap	-	Reference	English	Chairperson	MP	notMinister	KNDP-frakció	Parliamentary group of the Christian Democratic People's Party in the 7th parliamentary term	Coalition	Right	LatorcaiJanos	Latorcai, János	M	1944	
ParlaMint-HU-en_2017-06-12	u2017-06-12-190	Hungarian parliamentary corpus ParlaMint-HU, legislative session of 2017 spring, meeting 81, day 1, 2017-06-12 [ParlaMint.ana]	2017-06-12	Unicameralism	7. ciklus	-	81. ülés	1. ülésnap	-	Reference	English	Regular	MP	notMinister	MSZP-frakció	Parliamentary group of the Hungarian Socialist Party in the 7th parliamentary term	Opposition	Centre-left	HeringesAnita	Heringes, Anita	F	1984	
ParlaMint-HU-en_2017-06-12	u2017-06-12-191	Hungarian parliamentary corpus ParlaMint-HU, legislative session of 2017 spring, meeting 81, day 1, 2017-06-12 [ParlaMint.ana]	2017-06-12	Unicameralism	7. ciklus	-	81. ülés	1. ülésnap	-	Reference	English	Chairperson	MP	notMinister	KNDP-frakció	Parliamentary group of the Christian Democratic People's Party in the 7th parliamentary term	Coalition	Right	LatorcaiJanos	Latorcai, János	M	1944	
ParlaMint-HU-en_2017-06-12	u2017-06-12-192	Hungarian parliamentary corpus ParlaMint-HU, legislative session of 2017 spring, meeting 81, day 1, 2017-06-12 [ParlaMint.ana]	2017-06-12	Unicameralism	7. ciklus	-	81. ülés	1. ülésnap	-	Reference	English	Regular	MP	notMinister	Fidesz-frakció	Parliamentary group of the Fidesz – Hungarian Civic Alliance in the 7th parliamentary term	Coalition	Right to far-right	FonagyJanos	Fónagy, János	M	1942	
ParlaMint-HU-en_2017-06-12	u2017-06-12-193	Hungarian parliamentary corpus ParlaMint-HU, legislative session of 2017 spring, meeting 81, day 1, 2017-06-12 [ParlaMint.ana]	2017-06-12	Unicameralism	7. ciklus	-	81. ülés	1. ülésnap	-	Reference	English	Chairperson	MP	notMinister	KNDP-frakció	Parliamentary group of the Christian Democratic People's Party in the 7th parliamentary term	Coalition	Right	LatorcaiJanos	Latorcai, János	M	1944	
ParlaMint-HU-en_2017-06-12	u2017-06-12-194	Hungarian parliamentary corpus ParlaMint-HU, legislative session of 2017 spring, meeting 81, day 1, 2017-06-12 [ParlaMint.ana]	2017-06-12	Unicameralism	7. ciklus	-	81. ülés	1. ülésnap	-	Reference	English	Regular	MP	notMinister	JOBBIK-frakció	Parliamentary group of the Movement for a Better Hungary in the 7th parliamentary term	Opposition	Centre-right	MirkoczkiAdam	Mirkóczki, Ádám	M	1978	
ParlaMint-HU-en_2017-06-12	u2017-06-12-195	Hungarian parliamentary corpus ParlaMint-HU, legislative session of 2017 spring, meeting 81, day 1, 2017-06-12 [ParlaMint.ana]	2017-06-12	Unicameralism	7. ciklus	-	81. ülés	1. ülésnap	-	Reference	English	Chairperson	MP	notMinister	KNDP-frakció	Parliamentary group of the Christian Democratic People's Party in the 7th parliamentary term	Coalition	Right	LatorcaiJanos	Latorcai, János	M	1944	
ParlaMint-HU-en_2017-06-12	u2017-06-12-196	Hungarian parliamentary corpus ParlaMint-HU, legislative session of 2017 spring, meeting 81, day 1, 2017-06-12 [ParlaMint.ana]	2017-06-12	Unicameralism	7. ciklus	-	81. ülés	1. ülésnap	-	Reference	English	Regular	MP	Minister	Fidesz-frakció	Parliamentary group of the Fidesz – Hungarian Civic Alliance in the 7th parliamentary term	Coalition	Right to far-right	LazarJanos	Lázár, János	M	1975	
ParlaMint-HU-en_2017-06-12	u2017-06-12-197	Hungarian parliamentary corpus ParlaMint-HU, legislative session of 2017 spring, meeting 81, day 1, 2017-06-12 [ParlaMint.ana]	2017-06-12	Unicameralism	7. ciklus	-	81. ülés	1. ülésnap	-	Reference	English	Chairperson	MP	notMinister	KNDP-frakció	Parliamentary group of the Christian Democratic People's Party in the 7th parliamentary term	Coalition	Right	LatorcaiJanos	Latorcai, János	M	1944	
ParlaMint-HU-en_2017-06-12	u2017-06-12-198	Hungarian parliamentary corpus ParlaMint-HU, legislative session of 2017 spring, meeting 81, day 1, 2017-06-12 [ParlaMint.ana]	2017-06-12	Unicameralism	7. ciklus	-	81. ülés	1. ülésnap	-	Reference	English	Regular	MP	notMinister	JOBBIK-frakció	Parliamentary group of the Movement for a Better Hungary in the 7th parliamentary term	Opposition	Centre-right	MirkoczkiAdam	Mirkóczki, Ádám	M	1978	
ParlaMint-HU-en_2017-06-12	u2017-06-12-199	Hungarian parliamentary corpus ParlaMint-HU, legislative session of 2017 spring, meeting 81, day 1, 2017-06-12 [ParlaMint.ana]	2017-06-12	Unicameralism	7. ciklus	-	81. ülés	1. ülésnap	-	Reference	English	Chairperson	MP	notMinister	KNDP-frakció	Parliamentary group of the Christian Democratic People's Party in the 7th parliamentary term	Coalition	Right	LatorcaiJanos	Latorcai, János	M	1944	
ParlaMint-HU-en_2017-06-12	u2017-06-12-200	Hungarian parliamentary corpus ParlaMint-HU, legislative session of 2017 spring, meeting 81, day 1, 2017-06-12 [ParlaMint.ana]	2017-06-12	Unicameralism	7. ciklus	-	81. ülés	1. ülésnap	-	Reference	English	Regular	MP	Minister	Fidesz-frakció	Parliamentary group of the Fidesz – Hungarian Civic Alliance in the 7th parliamentary term	Coalition	Right to far-right	LazarJanos	Lázár, János	M	1975	
ParlaMint-HU-en_2017-06-12	u2017-06-12-201	Hungarian parliamentary corpus ParlaMint-HU, legislative session of 2017 spring, meeting 81, day 1, 2017-06-12 [ParlaMint.ana]	2017-06-12	Unicameralism	7. ciklus	-	81. ülés	1. ülésnap	-	Reference	English	Chairperson	MP	notMinister	KNDP-frakció	Parliamentary group of the Christian Democratic People's Party in the 7th parliamentary term	Coalition	Right	LatorcaiJanos	Latorcai, János	M	1944	
ParlaMint-HU-en_2017-06-12	u2017-06-12-202	Hungarian parliamentary corpus ParlaMint-HU, legislative session of 2017 spring, meeting 81, day 1, 2017-06-12 [ParlaMint.ana]	2017-06-12	Unicameralism	7. ciklus	-	81. ülés	1. ülésnap	-	Reference	English	Guest	MP	notMinister	KNDP-frakció	Parliamentary group of the Christian Democratic People's Party in the 7th parliamentary term	Coalition	Right	MoringJozsefAttila	Móring, József Attila	M	1968	
ParlaMint-HU-en_2017-06-12	u2017-06-12-203	Hungarian parliamentary corpus ParlaMint-HU, legislative session of 2017 spring, meeting 81, day 1, 2017-06-12 [ParlaMint.ana]	2017-06-12	Unicameralism	7. ciklus	-	81. ülés	1. ülésnap	-	Reference	English	Chairperson	MP	notMinister	KNDP-frakció	Parliamentary group of the Christian Democratic People's Party in the 7th parliamentary term	Coalition	Right	LatorcaiJanos	Latorcai, János	M	1944	
ParlaMint-HU-en_2017-06-12	u2017-06-12-204	Hungarian parliamentary corpus ParlaMint-HU, legislative session of 2017 spring, meeting 81, day 1, 2017-06-12 [ParlaMint.ana]	2017-06-12	Unicameralism	7. ciklus	-	81. ülés	1. ülésnap	-	Reference	English	Regular	MP	notMinister	Fidesz-frakció	Parliamentary group of the Fidesz – Hungarian Civic Alliance in the 7th parliamentary term	Coalition	Right to far-right	FonagyJanos	Fónagy, János	M	1942	
ParlaMint-HU-en_2017-06-12	u2017-06-12-205	Hungarian parliamentary corpus ParlaMint-HU, legislative session of 2017 spring, meeting 81, day 1, 2017-06-12 [ParlaMint.ana]	2017-06-12	Unicameralism	7. ciklus	-	81. ülés	1. ülésnap	-	Reference	English	Chairperson	MP	notMinister	KNDP-frakció	Parliamentary group of the Christian Democratic People's Party in the 7th parliamentary term	Coalition	Right	LatorcaiJanos	Latorcai, János	M	1944	
ParlaMint-HU-en_2017-06-12	u2017-06-12-206	Hungarian parliamentary corpus ParlaMint-HU, legislative session of 2017 spring, meeting 81, day 1, 2017-06-12 [ParlaMint.ana]	2017-06-12	Unicameralism	7. ciklus	-	81. ülés	1. ülésnap	-	Reference	English	Guest	MP	notMinister	KNDP-frakció	Parliamentary group of the Christian Democratic People's Party in the 7th parliamentary term	Coalition	Right	MoringJozsefAttila	Móring, József Attila	M	1968	
ParlaMint-HU-en_2017-06-12	u2017-06-12-207	Hungarian parliamentary corpus ParlaMint-HU, legislative session of 2017 spring, meeting 81, day 1, 2017-06-12 [ParlaMint.ana]	2017-06-12	Unicameralism	7. ciklus	-	81. ülés	1. ülésnap	-	Reference	English	Chairperson	MP	notMinister	KNDP-frakció	Parliamentary group of the Christian Democratic People's Party in the 7th parliamentary term	Coalition	Right	LatorcaiJanos	Latorcai, János	M	1944	
ParlaMint-HU-en_2017-06-12	u2017-06-12-208	Hungarian parliamentary corpus ParlaMint-HU, legislative session of 2017 spring, meeting 81, day 1, 2017-06-12 [ParlaMint.ana]	2017-06-12	Unicameralism	7. ciklus	-	81. ülés	1. ülésnap	-	Reference	English	Regular	MP	notMinister	Fidesz-frakció	Parliamentary group of the Fidesz – Hungarian Civic Alliance in the 7th parliamentary term	Coalition	Right to far-right	FonagyJanos	Fónagy, János	M	1942	
ParlaMint-HU-en_2017-06-12	u2017-06-12-209	Hungarian parliamentary corpus ParlaMint-HU, legislative session of 2017 spring, meeting 81, day 1, 2017-06-12 [ParlaMint.ana]	2017-06-12	Unicameralism	7. ciklus	-	81. ülés	1. ülésnap	-	Reference	English	Chairperson	MP	notMinister	KNDP-frakció	Parliamentary group of the Christian Democratic People's Party in the 7th parliamentary term	Coalition	Right	LatorcaiJanos	Latorcai, János	M	1944	
ParlaMint-HU-en_2017-06-12	u2017-06-12-210	Hungarian parliamentary corpus ParlaMint-HU, legislative session of 2017 spring, meeting 81, day 1, 2017-06-12 [ParlaMint.ana]	2017-06-12	Unicameralism	7. ciklus	-	81. ülés	1. ülésnap	-	Reference	English	Regular	MP	notMinister	LMP-frakció	Parliamentary group of the Politics Can be Different in the 7th parliamentary term	Opposition	Centre to centre-left	HadhazyAkos	Hadházy, Ákos Ányos	M	1974	
ParlaMint-HU-en_2017-06-12	u2017-06-12-211	Hungarian parliamentary corpus ParlaMint-HU, legislative session of 2017 spring, meeting 81, day 1, 2017-06-12 [ParlaMint.ana]	2017-06-12	Unicameralism	7. ciklus	-	81. ülés	1. ülésnap	-	Reference	English	Chairperson	MP	notMinister	KNDP-frakció	Parliamentary group of the Christian Democratic People's Party in the 7th parliamentary term	Coalition	Right	LatorcaiJanos	Latorcai, János	M	1944	
ParlaMint-HU-en_2017-06-12	u2017-06-12-212	Hungarian parliamentary corpus ParlaMint-HU, legislative session of 2017 spring, meeting 81, day 1, 2017-06-12 [ParlaMint.ana]	2017-06-12	Unicameralism	7. ciklus	-	81. ülés	1. ülésnap	-	Reference	English	Regular	MP	Minister	Fidesz-frakció	Parliamentary group of the Fidesz – Hungarian Civic Alliance in the 7th parliamentary term	Coalition	Right to far-right	LazarJanos	Lázár, János	M	1975	
ParlaMint-HU-en_2017-06-12	u2017-06-12-213	Hungarian parliamentary corpus ParlaMint-HU, legislative session of 2017 spring, meeting 81, day 1, 2017-06-12 [ParlaMint.ana]	2017-06-12	Unicameralism	7. ciklus	-	81. ülés	1. ülésnap	-	Reference	English	Chairperson	MP	notMinister	KNDP-frakció	Parliamentary group of the Christian Democratic People's Party in the 7th parliamentary term	Coalition	Right	LatorcaiJanos	Latorcai, János	M	1944	
ParlaMint-HU-en_2017-06-12	u2017-06-12-214	Hungarian parliamentary corpus ParlaMint-HU, legislative session of 2017 spring, meeting 81, day 1, 2017-06-12 [ParlaMint.ana]	2017-06-12	Unicameralism	7. ciklus	-	81. ülés	1. ülésnap	-	Reference	English	Regular	MP	notMinister	LMP-frakció	Parliamentary group of the Politics Can be Different in the 7th parliamentary term	Opposition	Centre to centre-left	HadhazyAkos	Hadházy, Ákos Ányos	M	1974	
ParlaMint-HU-en_2017-06-12	u2017-06-12-215	Hungarian parliamentary corpus ParlaMint-HU, legislative session of 2017 spring, meeting 81, day 1, 2017-06-12 [ParlaMint.ana]	2017-06-12	Unicameralism	7. ciklus	-	81. ülés	1. ülésnap	-	Reference	English	Chairperson	MP	notMinister	KNDP-frakció	Parliamentary group of the Christian Democratic People's Party in the 7th parliamentary term	Coalition	Right	LatorcaiJanos	Latorcai, János	M	1944	
ParlaMint-HU-en_2017-06-12	u2017-06-12-216	Hungarian parliamentary corpus ParlaMint-HU, legislative session of 2017 spring, meeting 81, day 1, 2017-06-12 [ParlaMint.ana]	2017-06-12	Unicameralism	7. ciklus	-	81. ülés	1. ülésnap	-	Reference	English	Regular	MP	Minister	Fidesz-frakció	Parliamentary group of the Fidesz – Hungarian Civic Alliance in the 7th parliamentary term	Coalition	Right to far-right	LazarJanos	Lázár, János	M	1975	
ParlaMint-HU-en_2017-06-12	u2017-06-12-217	Hungarian parliamentary corpus ParlaMint-HU, legislative session of 2017 spring, meeting 81, day 1, 2017-06-12 [ParlaMint.ana]	2017-06-12	Unicameralism	7. ciklus	-	81. ülés	1. ülésnap	-	Reference	English	Chairperson	MP	notMinister	KNDP-frakció	Parliamentary group of the Christian Democratic People's Party in the 7th parliamentary term	Coalition	Right	LatorcaiJanos	Latorcai, János	M	1944	
ParlaMint-HU-en_2017-06-12	u2017-06-12-218	Hungarian parliamentary corpus ParlaMint-HU, legislative session of 2017 spring, meeting 81, day 1, 2017-06-12 [ParlaMint.ana]	2017-06-12	Unicameralism	7. ciklus	-	81. ülés	1. ülésnap	-	Reference	English	Regular	MP	notMinister	MSZP-frakció	Parliamentary group of the Hungarian Socialist Party in the 7th parliamentary term	Opposition	Centre-left	LegenyZsolt	Legény, Zsolt	M	1978	
ParlaMint-HU-en_2017-06-12	u2017-06-12-219	Hungarian parliamentary corpus ParlaMint-HU, legislative session of 2017 spring, meeting 81, day 1, 2017-06-12 [ParlaMint.ana]	2017-06-12	Unicameralism	7. ciklus	-	81. ülés	1. ülésnap	-	Reference	English	Chairperson	MP	notMinister	KNDP-frakció	Parliamentary group of the Christian Democratic People's Party in the 7th parliamentary term	Coalition	Right	LatorcaiJanos	Latorcai, János	M	1944	
ParlaMint-HU-en_2017-06-12	u2017-06-12-220	Hungarian parliamentary corpus ParlaMint-HU, legislative session of 2017 spring, meeting 81, day 1, 2017-06-12 [ParlaMint.ana]	2017-06-12	Unicameralism	7. ciklus	-	81. ülés	1. ülésnap	-	Reference	English	Regular	MP	Minister	Fidesz-frakció	Parliamentary group of the Fidesz – Hungarian Civic Alliance in the 7th parliamentary term	Coalition	Right to far-right	LazarJanos	Lázár, János	M	1975	
ParlaMint-HU-en_2017-06-12	u2017-06-12-221	Hungarian parliamentary corpus ParlaMint-HU, legislative session of 2017 spring, meeting 81, day 1, 2017-06-12 [ParlaMint.ana]	2017-06-12	Unicameralism	7. ciklus	-	81. ülés	1. ülésnap	-	Reference	English	Chairperson	MP	notMinister	KNDP-frakció	Parliamentary group of the Christian Democratic People's Party in the 7th parliamentary term	Coalition	Right	LatorcaiJanos	Latorcai, János	M	1944	
ParlaMint-HU-en_2017-06-12	u2017-06-12-222	Hungarian parliamentary corpus ParlaMint-HU, legislative session of 2017 spring, meeting 81, day 1, 2017-06-12 [ParlaMint.ana]	2017-06-12	Unicameralism	7. ciklus	-	81. ülés	1. ülésnap	-	Reference	English	Regular	MP	notMinister	MSZP-frakció	Parliamentary group of the Hungarian Socialist Party in the 7th parliamentary term	Opposition	Centre-left	LegenyZsolt	Legény, Zsolt	M	1978	
ParlaMint-HU-en_2017-06-12	u2017-06-12-223	Hungarian parliamentary corpus ParlaMint-HU, legislative session of 2017 spring, meeting 81, day 1, 2017-06-12 [ParlaMint.ana]	2017-06-12	Unicameralism	7. ciklus	-	81. ülés	1. ülésnap	-	Reference	English	Chairperson	MP	notMinister	KNDP-frakció	Parliamentary group of the Christian Democratic People's Party in the 7th parliamentary term	Coalition	Right	LatorcaiJanos	Latorcai, János	M	1944	
ParlaMint-HU-en_2017-06-12	u2017-06-12-224	Hungarian parliamentary corpus ParlaMint-HU, legislative session of 2017 spring, meeting 81, day 1, 2017-06-12 [ParlaMint.ana]	2017-06-12	Unicameralism	7. ciklus	-	81. ülés	1. ülésnap	-	Reference	English	Regular	MP	Minister	Fidesz-frakció	Parliamentary group of the Fidesz – Hungarian Civic Alliance in the 7th parliamentary term	Coalition	Right to far-right	LazarJanos	Lázár, János	M	1975	
ParlaMint-HU-en_2017-06-12	u2017-06-12-225	Hungarian parliamentary corpus ParlaMint-HU, legislative session of 2017 spring, meeting 81, day 1, 2017-06-12 [ParlaMint.ana]	2017-06-12	Unicameralism	7. ciklus	-	81. ülés	1. ülésnap	-	Reference	English	Chairperson	MP	notMinister	KNDP-frakció	Parliamentary group of the Christian Democratic People's Party in the 7th parliamentary term	Coalition	Right	LatorcaiJanos	Latorcai, János	M	1944	
ParlaMint-HU-en_2017-06-12	u2017-06-12-226	Hungarian parliamentary corpus ParlaMint-HU, legislative session of 2017 spring, meeting 81, day 1, 2017-06-12 [ParlaMint.ana]	2017-06-12	Unicameralism	7. ciklus	-	81. ülés	1. ülésnap	-	Reference	English	Regular	MP	notMinister	MSZP-frakció	Parliamentary group of the Hungarian Socialist Party in the 7th parliamentary term	Opposition	Centre-left	HorvathImre	Horváth, Imre	M	1944	
ParlaMint-HU-en_2017-06-12	u2017-06-12-227	Hungarian parliamentary corpus ParlaMint-HU, legislative session of 2017 spring, meeting 81, day 1, 2017-06-12 [ParlaMint.ana]	2017-06-12	Unicameralism	7. ciklus	-	81. ülés	1. ülésnap	-	Reference	English	Chairperson	MP	notMinister	KNDP-frakció	Parliamentary group of the Christian Democratic People's Party in the 7th parliamentary term	Coalition	Right	LatorcaiJanos	Latorcai, János	M	1944	
ParlaMint-HU-en_2017-06-12	u2017-06-12-228	Hungarian parliamentary corpus ParlaMint-HU, legislative session of 2017 spring, meeting 81, day 1, 2017-06-12 [ParlaMint.ana]	2017-06-12	Unicameralism	7. ciklus	-	81. ülés	1. ülésnap	-	Reference	English	Guest	notMP	notMinister	Fidesz	Fidesz – Hungarian Civic Alliance	-	Right to far-right	VarghaTamas	Vargha, Tamás	M	1959	
ParlaMint-HU-en_2017-06-12	u2017-06-12-229	Hungarian parliamentary corpus ParlaMint-HU, legislative session of 2017 spring, meeting 81, day 1, 2017-06-12 [ParlaMint.ana]	2017-06-12	Unicameralism	7. ciklus	-	81. ülés	1. ülésnap	-	Reference	English	Chairperson	MP	notMinister	KNDP-frakció	Parliamentary group of the Christian Democratic People's Party in the 7th parliamentary term	Coalition	Right	LatorcaiJanos	Latorcai, János	M	1944	
ParlaMint-HU-en_2017-06-12	u2017-06-12-230	Hungarian parliamentary corpus ParlaMint-HU, legislative session of 2017 spring, meeting 81, day 1, 2017-06-12 [ParlaMint.ana]	2017-06-12	Unicameralism	7. ciklus	-	81. ülés	1. ülésnap	-	Reference	English	Regular	MP	notMinister	JOBBIK-frakció	Parliamentary group of the Movement for a Better Hungary in the 7th parliamentary term	Opposition	Centre-right	SzavayIstvan	Szávay, István	M	1981	
ParlaMint-HU-en_2017-06-12	u2017-06-12-231	Hungarian parliamentary corpus ParlaMint-HU, legislative session of 2017 spring, meeting 81, day 1, 2017-06-12 [ParlaMint.ana]	2017-06-12	Unicameralism	7. ciklus	-	81. ülés	1. ülésnap	-	Reference	English	Chairperson	MP	notMinister	KNDP-frakció	Parliamentary group of the Christian Democratic People's Party in the 7th parliamentary term	Coalition	Right	LatorcaiJanos	Latorcai, János	M	1944	
ParlaMint-HU-en_2017-06-12	u2017-06-12-232	Hungarian parliamentary corpus ParlaMint-HU, legislative session of 2017 spring, meeting 81, day 1, 2017-06-12 [ParlaMint.ana]	2017-06-12	Unicameralism	7. ciklus	-	81. ülés	1. ülésnap	-	Reference	English	Guest	notMP	notMinister	-	-	-	-	PotapiArpadJanos	Potápi, Árpád János	M	1967	
ParlaMint-HU-en_2017-06-12	u2017-06-12-233	Hungarian parliamentary corpus ParlaMint-HU, legislative session of 2017 spring, meeting 81, day 1, 2017-06-12 [ParlaMint.ana]	2017-06-12	Unicameralism	7. ciklus	-	81. ülés	1. ülésnap	-	Reference	English	Chairperson	MP	notMinister	KNDP-frakció	Parliamentary group of the Christian Democratic People's Party in the 7th parliamentary term	Coalition	Right	LatorcaiJanos	Latorcai, János	M	1944	
ParlaMint-HU-en_2017-06-12	u2017-06-12-234	Hungarian parliamentary corpus ParlaMint-HU, legislative session of 2017 spring, meeting 81, day 1, 2017-06-12 [ParlaMint.ana]	2017-06-12	Unicameralism	7. ciklus	-	81. ülés	1. ülésnap	-	Reference	English	Regular	MP	notMinister	LMP-frakció	Parliamentary group of the Politics Can be Different in the 7th parliamentary term	Opposition	Centre to centre-left	SchmuckErzsebet	Schmuck, Erzsébet	F	1954	
ParlaMint-HU-en_2017-06-12	u2017-06-12-235	Hungarian parliamentary corpus ParlaMint-HU, legislative session of 2017 spring, meeting 81, day 1, 2017-06-12 [ParlaMint.ana]	2017-06-12	Unicameralism	7. ciklus	-	81. ülés	1. ülésnap	-	Reference	English	Chairperson	MP	notMinister	Fidesz-frakció	Parliamentary group of the Fidesz – Hungarian Civic Alliance in the 7th parliamentary term	Coalition	Right to far-right	LezsakSandor	Lezsák, Sándor	M	1949	
ParlaMint-HU-en_2017-06-12	u2017-06-12-236	Hungarian parliamentary corpus ParlaMint-HU, legislative session of 2017 spring, meeting 81, day 1, 2017-06-12 [ParlaMint.ana]	2017-06-12	Unicameralism	7. ciklus	-	81. ülés	1. ülésnap	-	Reference	English	Regular	MP	notMinister	KNDP-frakció	Parliamentary group of the Christian Democratic People's Party in the 7th parliamentary term	Coalition	Right	RetvariBence	Rétvári, Bence	M	1979	
ParlaMint-HU-en_2017-06-12	u2017-06-12-237	Hungarian parliamentary corpus ParlaMint-HU, legislative session of 2017 spring, meeting 81, day 1, 2017-06-12 [ParlaMint.ana]	2017-06-12	Unicameralism	7. ciklus	-	81. ülés	1. ülésnap	-	Reference	English	Chairperson	MP	notMinister	Fidesz-frakció	Parliamentary group of the Fidesz – Hungarian Civic Alliance in the 7th parliamentary term	Coalition	Right to far-right	LezsakSandor	Lezsák, Sándor	M	1949	
ParlaMint-HU-en_2017-06-12	u2017-06-12-238	Hungarian parliamentary corpus ParlaMint-HU, legislative session of 2017 spring, meeting 81, day 1, 2017-06-12 [ParlaMint.ana]	2017-06-12	Unicameralism	7. ciklus	-	81. ülés	1. ülésnap	-	Reference	English	Regular	MP	notMinister	Fidesz-frakció	Parliamentary group of the Fidesz – Hungarian Civic Alliance in the 7th parliamentary term	Coalition	Right to far-right	BodoSandor	Bodó, Sándor	M	1963	
ParlaMint-HU-en_2017-06-12	u2017-06-12-239	Hungarian parliamentary corpus ParlaMint-HU, legislative session of 2017 spring, meeting 81, day 1, 2017-06-12 [ParlaMint.ana]	2017-06-12	Unicameralism	7. ciklus	-	81. ülés	1. ülésnap	-	Reference	English	Chairperson	MP	notMinister	Fidesz-frakció	Parliamentary group of the Fidesz – Hungarian Civic Alliance in the 7th parliamentary term	Coalition	Right to far-right	LezsakSandor	Lezsák, Sándor	M	1949	
ParlaMint-HU-en_2017-06-12	u2017-06-12-240	Hungarian parliamentary corpus ParlaMint-HU, legislative session of 2017 spring, meeting 81, day 1, 2017-06-12 [ParlaMint.ana]	2017-06-12	Unicameralism	7. ciklus	-	81. ülés	1. ülésnap	-	Reference	English	Guest	notMP	notMinister	-	-	-	-	TallaiAndras	Tállai, András	M	1959	
ParlaMint-HU-en_2017-06-12	u2017-06-12-241	Hungarian parliamentary corpus ParlaMint-HU, legislative session of 2017 spring, meeting 81, day 1, 2017-06-12 [ParlaMint.ana]	2017-06-12	Unicameralism	7. ciklus	-	81. ülés	1. ülésnap	-	Reference	English	Chairperson	MP	notMinister	Fidesz-frakció	Parliamentary group of the Fidesz – Hungarian Civic Alliance in the 7th parliamentary term	Coalition	Right to far-right	LezsakSandor	Lezsák, Sándor	M	1949	
ParlaMint-HU-en_2017-06-12	u2017-06-12-242	Hungarian parliamentary corpus ParlaMint-HU, legislative session of 2017 spring, meeting 81, day 1, 2017-06-12 [ParlaMint.ana]	2017-06-12	Unicameralism	7. ciklus	-	81. ülés	1. ülésnap	-	Reference	English	Regular	MP	notMinister	MLP	Hungarian Liberal Party	-	Centre to centre-right	FodorGabor	Fodor, Gábor	M	1962	
ParlaMint-HU-en_2017-06-12	u2017-06-12-243	Hungarian parliamentary corpus ParlaMint-HU, legislative session of 2017 spring, meeting 81, day 1, 2017-06-12 [ParlaMint.ana]	2017-06-12	Unicameralism	7. ciklus	-	81. ülés	1. ülésnap	-	Reference	English	Chairperson	MP	notMinister	Fidesz-frakció	Parliamentary group of the Fidesz – Hungarian Civic Alliance in the 7th parliamentary term	Coalition	Right to far-right	LezsakSandor	Lezsák, Sándor	M	1949	
ParlaMint-HU-en_2017-06-12	u2017-06-12-244	Hungarian parliamentary corpus ParlaMint-HU, legislative session of 2017 spring, meeting 81, day 1, 2017-06-12 [ParlaMint.ana]	2017-06-12	Unicameralism	7. ciklus	-	81. ülés	1. ülésnap	-	Reference	English	Guest	notMP	notMinister	-	-	-	-	NagyIstvan	Nagy, István	M	1967	
ParlaMint-HU-en_2017-06-12	u2017-06-12-245	Hungarian parliamentary corpus ParlaMint-HU, legislative session of 2017 spring, meeting 81, day 1, 2017-06-12 [ParlaMint.ana]	2017-06-12	Unicameralism	7. ciklus	-	81. ülés	1. ülésnap	-	Reference	English	Chairperson	MP	notMinister	Fidesz-frakció	Parliamentary group of the Fidesz – Hungarian Civic Alliance in the 7th parliamentary term	Coalition	Right to far-right	LezsakSandor	Lezsák, Sándor	M	1949	
ParlaMint-HU-en_2017-06-12	u2017-06-12-246	Hungarian parliamentary corpus ParlaMint-HU, legislative session of 2017 spring, meeting 81, day 1, 2017-06-12 [ParlaMint.ana]	2017-06-12	Unicameralism	7. ciklus	-	81. ülés	1. ülésnap	-	Reference	English	Regular	MP	notMinister	MSZP-frakció	Parliamentary group of the Hungarian Socialist Party in the 7th parliamentary term	Opposition	Centre-left	KissLaszlo	Kiss, László	M	1979	
ParlaMint-HU-en_2017-06-12	u2017-06-12-247	Hungarian parliamentary corpus ParlaMint-HU, legislative session of 2017 spring, meeting 81, day 1, 2017-06-12 [ParlaMint.ana]	2017-06-12	Unicameralism	7. ciklus	-	81. ülés	1. ülésnap	-	Reference	English	Chairperson	MP	notMinister	Fidesz-frakció	Parliamentary group of the Fidesz – Hungarian Civic Alliance in the 7th parliamentary term	Coalition	Right to far-right	LezsakSandor	Lezsák, Sándor	M	1949	
ParlaMint-HU-en_2017-06-12	u2017-06-12-248	Hungarian parliamentary corpus ParlaMint-HU, legislative session of 2017 spring, meeting 81, day 1, 2017-06-12 [ParlaMint.ana]	2017-06-12	Unicameralism	7. ciklus	-	81. ülés	1. ülésnap	-	Reference	English	Regular	MP	notMinister	Fidesz-frakció	Parliamentary group of the Fidesz – Hungarian Civic Alliance in the 7th parliamentary term	Coalition	Right to far-right	FonagyJanos	Fónagy, János	M	1942	
ParlaMint-HU-en_2017-06-12	u2017-06-12-249	Hungarian parliamentary corpus ParlaMint-HU, legislative session of 2017 spring, meeting 81, day 1, 2017-06-12 [ParlaMint.ana]	2017-06-12	Unicameralism	7. ciklus	-	81. ülés	1. ülésnap	-	Reference	English	Chairperson	MP	notMinister	Fidesz-frakció	Parliamentary group of the Fidesz – Hungarian Civic Alliance in the 7th parliamentary term	Coalition	Right to far-right	LezsakSandor	Lezsák, Sándor	M	1949	
ParlaMint-HU-en_2017-06-12	u2017-06-12-250	Hungarian parliamentary corpus ParlaMint-HU, legislative session of 2017 spring, meeting 81, day 1, 2017-06-12 [ParlaMint.ana]	2017-06-12	Unicameralism	7. ciklus	-	81. ülés	1. ülésnap	-	Reference	English	Regular	MP	notMinister	JOBBIK-frakció	Parliamentary group of the Movement for a Better Hungary in the 7th parliamentary term	Opposition	Centre-right	ApatiIstvan	Apáti, István	M	1978	
ParlaMint-HU-en_2017-06-12	u2017-06-12-251	Hungarian parliamentary corpus ParlaMint-HU, legislative session of 2017 spring, meeting 81, day 1, 2017-06-12 [ParlaMint.ana]	2017-06-12	Unicameralism	7. ciklus	-	81. ülés	1. ülésnap	-	Reference	English	Chairperson	MP	notMinister	Fidesz-frakció	Parliamentary group of the Fidesz – Hungarian Civic Alliance in the 7th parliamentary term	Coalition	Right to far-right	LezsakSandor	Lezsák, Sándor	M	1949	
ParlaMint-HU-en_2017-06-12	u2017-06-12-252	Hungarian parliamentary corpus ParlaMint-HU, legislative session of 2017 spring, meeting 81, day 1, 2017-06-12 [ParlaMint.ana]	2017-06-12	Unicameralism	7. ciklus	-	81. ülés	1. ülésnap	-	Reference	English	Regular	MP	notMinister	Fidesz-frakció	Parliamentary group of the Fidesz – Hungarian Civic Alliance in the 7th parliamentary term	Coalition	Right to far-right	FonagyJanos	Fónagy, János	M	1942	
ParlaMint-HU-en_2017-06-12	u2017-06-12-253	Hungarian parliamentary corpus ParlaMint-HU, legislative session of 2017 spring, meeting 81, day 1, 2017-06-12 [ParlaMint.ana]	2017-06-12	Unicameralism	7. ciklus	-	81. ülés	1. ülésnap	-	Reference	English	Chairperson	MP	notMinister	Fidesz-frakció	Parliamentary group of the Fidesz – Hungarian Civic Alliance in the 7th parliamentary term	Coalition	Right to far-right	LezsakSandor	Lezsák, Sándor	M	1949	
ParlaMint-HU-en_2017-06-12	u2017-06-12-254	Hungarian parliamentary corpus ParlaMint-HU, legislative session of 2017 spring, meeting 81, day 1, 2017-06-12 [ParlaMint.ana]	2017-06-12	Unicameralism	7. ciklus	-	81. ülés	1. ülésnap	-	Reference	English	Regular	MP	notMinister	Fidesz-frakció	Parliamentary group of the Fidesz – Hungarian Civic Alliance in the 7th parliamentary term	Coalition	Right to far-right	HadhazySandor	Hadházy, Sándor	M	1956	
ParlaMint-HU-en_2017-06-12	u2017-06-12-255	Hungarian parliamentary corpus ParlaMint-HU, legislative session of 2017 spring, meeting 81, day 1, 2017-06-12 [ParlaMint.ana]	2017-06-12	Unicameralism	7. ciklus	-	81. ülés	1. ülésnap	-	Reference	English	Chairperson	MP	notMinister	Fidesz-frakció	Parliamentary group of the Fidesz – Hungarian Civic Alliance in the 7th parliamentary term	Coalition	Right to far-right	LezsakSandor	Lezsák, Sándor	M	1949	
ParlaMint-HU-en_2017-06-12	u2017-06-12-256	Hungarian parliamentary corpus ParlaMint-HU, legislative session of 2017 spring, meeting 81, day 1, 2017-06-12 [ParlaMint.ana]	2017-06-12	Unicameralism	7. ciklus	-	81. ülés	1. ülésnap	-	Reference	English	Regular	notMP	notMinister	MNOÖ	National Self-Government of Germans in Hungary	-	Centre-right	RitterImre	Ritter, Imre	M	1952	
ParlaMint-HU-en_2017-06-12	u2017-06-12-257	Hungarian parliamentary corpus ParlaMint-HU, legislative session of 2017 spring, meeting 81, day 1, 2017-06-12 [ParlaMint.ana]	2017-06-12	Unicameralism	7. ciklus	-	81. ülés	1. ülésnap	-	Reference	English	Chairperson	MP	notMinister	Fidesz-frakció	Parliamentary group of the Fidesz – Hungarian Civic Alliance in the 7th parliamentary term	Coalition	Right to far-right	LezsakSandor	Lezsák, Sándor	M	1949	
ParlaMint-HU-en_2017-06-12	u2017-06-12-258	Hungarian parliamentary corpus ParlaMint-HU, legislative session of 2017 spring, meeting 81, day 1, 2017-06-12 [ParlaMint.ana]	2017-06-12	Unicameralism	7. ciklus	-	81. ülés	1. ülésnap	-	Reference	English	Regular	MP	notMinister	Fidesz-frakció	Parliamentary group of the Fidesz – Hungarian Civic Alliance in the 7th parliamentary term	Coalition	Right to far-right	BankiErik	Bánki, Erik	M	1970	
ParlaMint-HU-en_2017-06-12	u2017-06-12-259	Hungarian parliamentary corpus ParlaMint-HU, legislative session of 2017 spring, meeting 81, day 1, 2017-06-12 [ParlaMint.ana]	2017-06-12	Unicameralism	7. ciklus	-	81. ülés	1. ülésnap	-	Reference	English	Chairperson	MP	notMinister	Fidesz-frakció	Parliamentary group of the Fidesz – Hungarian Civic Alliance in the 7th parliamentary term	Coalition	Right to far-right	LezsakSandor	Lezsák, Sándor	M	1949	
ParlaMint-HU-en_2017-06-12	u2017-06-12-260	Hungarian parliamentary corpus ParlaMint-HU, legislative session of 2017 spring, meeting 81, day 1, 2017-06-12 [ParlaMint.ana]	2017-06-12	Unicameralism	7. ciklus	-	81. ülés	1. ülésnap	-	Reference	English	Regular	MP	notMinister	LMP-frakció	Parliamentary group of the Politics Can be Different in the 7th parliamentary term	Opposition	Centre to centre-left	SchmuckErzsebet	Schmuck, Erzsébet	F	1954	
ParlaMint-HU-en_2017-06-12	u2017-06-12-261	Hungarian parliamentary corpus ParlaMint-HU, legislative session of 2017 spring, meeting 81, day 1, 2017-06-12 [ParlaMint.ana]	2017-06-12	Unicameralism	7. ciklus	-	81. ülés	1. ülésnap	-	Reference	English	Chairperson	MP	notMinister	Fidesz-frakció	Parliamentary group of the Fidesz – Hungarian Civic Alliance in the 7th parliamentary term	Coalition	Right to far-right	LezsakSandor	Lezsák, Sándor	M	1949	
ParlaMint-HU-en_2017-06-12	u2017-06-12-262	Hungarian parliamentary corpus ParlaMint-HU, legislative session of 2017 spring, meeting 81, day 1, 2017-06-12 [ParlaMint.ana]	2017-06-12	Unicameralism	7. ciklus	-	81. ülés	1. ülésnap	-	Reference	English	Guest	notMP	notMinister	-	-	-	-	TallaiAndras	Tállai, András	M	1959	
ParlaMint-HU-en_2017-06-12	u2017-06-12-263	Hungarian parliamentary corpus ParlaMint-HU, legislative session of 2017 spring, meeting 81, day 1, 2017-06-12 [ParlaMint.ana]	2017-06-12	Unicameralism	7. ciklus	-	81. ülés	1. ülésnap	-	Reference	English	Chairperson	MP	notMinister	Fidesz-frakció	Parliamentary group of the Fidesz – Hungarian Civic Alliance in the 7th parliamentary term	Coalition	Right to far-right	LezsakSandor	Lezsák, Sándor	M	1949	
ParlaMint-HU-en_2017-06-12	u2017-06-12-264	Hungarian parliamentary corpus ParlaMint-HU, legislative session of 2017 spring, meeting 81, day 1, 2017-06-12 [ParlaMint.ana]	2017-06-12	Unicameralism	7. ciklus	-	81. ülés	1. ülésnap	-	Reference	English	Regular	MP	notMinister	Fidesz-frakció	Parliamentary group of the Fidesz – Hungarian Civic Alliance in the 7th parliamentary term	Coalition	Right to far-right	RepassyRobert	Répássy, Róbert	M	1968	
ParlaMint-HU-en_2017-06-12	u2017-06-12-265	Hungarian parliamentary corpus ParlaMint-HU, legislative session of 2017 spring, meeting 81, day 1, 2017-06-12 [ParlaMint.ana]	2017-06-12	Unicameralism	7. ciklus	-	81. ülés	1. ülésnap	-	Reference	English	Chairperson	MP	notMinister	Fidesz-frakció	Parliamentary group of the Fidesz – Hungarian Civic Alliance in the 7th parliamentary term	Coalition	Right to far-right	LezsakSandor	Lezsák, Sándor	M	1949	
ParlaMint-HU-en_2017-06-12	u2017-06-12-266	Hungarian parliamentary corpus ParlaMint-HU, legislative session of 2017 spring, meeting 81, day 1, 2017-06-12 [ParlaMint.ana]	2017-06-12	Unicameralism	7. ciklus	-	81. ülés	1. ülésnap	-	Reference	English	Regular	MP	notMinister	Fidesz-frakció	Parliamentary group of the Fidesz – Hungarian Civic Alliance in the 7th parliamentary term	Coalition	Right to far-right	RepassyRobert	Répássy, Róbert	M	1968	
ParlaMint-HU-en_2017-06-12	u2017-06-12-267	Hungarian parliamentary corpus ParlaMint-HU, legislative session of 2017 spring, meeting 81, day 1, 2017-06-12 [ParlaMint.ana]	2017-06-12	Unicameralism	7. ciklus	-	81. ülés	1. ülésnap	-	Reference	English	Chairperson	MP	notMinister	Fidesz-frakció	Parliamentary group of the Fidesz – Hungarian Civic Alliance in the 7th parliamentary term	Coalition	Right to far-right	LezsakSandor	Lezsák, Sándor	M	1949	
ParlaMint-HU-en_2017-06-12	u2017-06-12-268	Hungarian parliamentary corpus ParlaMint-HU, legislative session of 2017 spring, meeting 81, day 1, 2017-06-12 [ParlaMint.ana]	2017-06-12	Unicameralism	7. ciklus	-	81. ülés	1. ülésnap	-	Reference	English	Guest	notMP	notMinister	-	-	-	-	KissneKolesErika	Kissné Köles, Erika	F	1961	
ParlaMint-HU-en_2017-06-12	u2017-06-12-269	Hungarian parliamentary corpus ParlaMint-HU, legislative session of 2017 spring, meeting 81, day 1, 2017-06-12 [ParlaMint.ana]	2017-06-12	Unicameralism	7. ciklus	-	81. ülés	1. ülésnap	-	Reference	English	Chairperson	MP	notMinister	Fidesz-frakció	Parliamentary group of the Fidesz – Hungarian Civic Alliance in the 7th parliamentary term	Coalition	Right to far-right	LezsakSandor	Lezsák, Sándor	M	1949	
ParlaMint-HU-en_2017-06-12	u2017-06-12-270	Hungarian parliamentary corpus ParlaMint-HU, legislative session of 2017 spring, meeting 81, day 1, 2017-06-12 [ParlaMint.ana]	2017-06-12	Unicameralism	7. ciklus	-	81. ülés	1. ülésnap	-	Reference	English	Regular	MP	notMinister	JOBBIK-frakció	Parliamentary group of the Movement for a Better Hungary in the 7th parliamentary term	Opposition	Centre-right	SzavayIstvan	Szávay, István	M	1981	
ParlaMint-HU-en_2017-06-12	u2017-06-12-271	Hungarian parliamentary corpus ParlaMint-HU, legislative session of 2017 spring, meeting 81, day 1, 2017-06-12 [ParlaMint.ana]	2017-06-12	Unicameralism	7. ciklus	-	81. ülés	1. ülésnap	-	Reference	English	Chairperson	MP	notMinister	Fidesz-frakció	Parliamentary group of the Fidesz – Hungarian Civic Alliance in the 7th parliamentary term	Coalition	Right to far-right	LezsakSandor	Lezsák, Sándor	M	1949	
ParlaMint-HU-en_2017-06-12	u2017-06-12-272	Hungarian parliamentary corpus ParlaMint-HU, legislative session of 2017 spring, meeting 81, day 1, 2017-06-12 [ParlaMint.ana]	2017-06-12	Unicameralism	7. ciklus	-	81. ülés	1. ülésnap	-	Reference	English	Regular	MP	notMinister	LMP-frakció	Parliamentary group of the Politics Can be Different in the 7th parliamentary term	Opposition	Centre to centre-left	SchmuckErzsebet	Schmuck, Erzsébet	F	1954	
ParlaMint-HU-en_2017-06-12	u2017-06-12-273	Hungarian parliamentary corpus ParlaMint-HU, legislative session of 2017 spring, meeting 81, day 1, 2017-06-12 [ParlaMint.ana]	2017-06-12	Unicameralism	7. ciklus	-	81. ülés	1. ülésnap	-	Reference	English	Chairperson	MP	notMinister	Fidesz-frakció	Parliamentary group of the Fidesz – Hungarian Civic Alliance in the 7th parliamentary term	Coalition	Right to far-right	LezsakSandor	Lezsák, Sándor	M	1949	
ParlaMint-HU-en_2017-06-12	u2017-06-12-274	Hungarian parliamentary corpus ParlaMint-HU, legislative session of 2017 spring, meeting 81, day 1, 2017-06-12 [ParlaMint.ana]	2017-06-12	Unicameralism	7. ciklus	-	81. ülés	1. ülésnap	-	Reference	English	Regular	MP	notMinister	Fidesz-frakció	Parliamentary group of the Fidesz – Hungarian Civic Alliance in the 7th parliamentary term	Coalition	Right to far-right	RepassyRobert	Répássy, Róbert	M	1968	
ParlaMint-HU-en_2017-06-12	u2017-06-12-275	Hungarian parliamentary corpus ParlaMint-HU, legislative session of 2017 spring, meeting 81, day 1, 2017-06-12 [ParlaMint.ana]	2017-06-12	Unicameralism	7. ciklus	-	81. ülés	1. ülésnap	-	Reference	English	Chairperson	MP	notMinister	Fidesz-frakció	Parliamentary group of the Fidesz – Hungarian Civic Alliance in the 7th parliamentary term	Coalition	Right to far-right	LezsakSandor	Lezsák, Sándor	M	1949	
ParlaMint-HU-en_2017-06-12	u2017-06-12-276	Hungarian parliamentary corpus ParlaMint-HU, legislative session of 2017 spring, meeting 81, day 1, 2017-06-12 [ParlaMint.ana]	2017-06-12	Unicameralism	7. ciklus	-	81. ülés	1. ülésnap	-	Reference	English	Regular	MP	notMinister	Fidesz-frakció	Parliamentary group of the Fidesz – Hungarian Civic Alliance in the 7th parliamentary term	Coalition	Right to far-right	RepassyRobert	Répássy, Róbert	M	1968	
ParlaMint-HU-en_2017-06-12	u2017-06-12-277	Hungarian parliamentary corpus ParlaMint-HU, legislative session of 2017 spring, meeting 81, day 1, 2017-06-12 [ParlaMint.ana]	2017-06-12	Unicameralism	7. ciklus	-	81. ülés	1. ülésnap	-	Reference	English	Chairperson	MP	notMinister	Fidesz-frakció	Parliamentary group of the Fidesz – Hungarian Civic Alliance in the 7th parliamentary term	Coalition	Right to far-right	LezsakSandor	Lezsák, Sándor	M	1949	
ParlaMint-HU-en_2017-06-12	u2017-06-12-278	Hungarian parliamentary corpus ParlaMint-HU, legislative session of 2017 spring, meeting 81, day 1, 2017-06-12 [ParlaMint.ana]	2017-06-12	Unicameralism	7. ciklus	-	81. ülés	1. ülésnap	-	Reference	English	Regular	MP	notMinister	Fidesz-frakció	Parliamentary group of the Fidesz – Hungarian Civic Alliance in the 7th parliamentary term	Coalition	Right to far-right	RepassyRobert	Répássy, Róbert	M	1968	
ParlaMint-HU-en_2017-06-12	u2017-06-12-279	Hungarian parliamentary corpus ParlaMint-HU, legislative session of 2017 spring, meeting 81, day 1, 2017-06-12 [ParlaMint.ana]	2017-06-12	Unicameralism	7. ciklus	-	81. ülés	1. ülésnap	-	Reference	English	Chairperson	MP	notMinister	Fidesz-frakció	Parliamentary group of the Fidesz – Hungarian Civic Alliance in the 7th parliamentary term	Coalition	Right to far-right	LezsakSandor	Lezsák, Sándor	M	1949	
ParlaMint-HU-en_2017-06-12	u2017-06-12-280	Hungarian parliamentary corpus ParlaMint-HU, legislative session of 2017 spring, meeting 81, day 1, 2017-06-12 [ParlaMint.ana]	2017-06-12	Unicameralism	7. ciklus	-	81. ülés	1. ülésnap	-	Reference	English	Guest	notMP	notMinister	-	-	-	-	AlexovLyubomir	Alexov, Lyubomir	M	1958	
ParlaMint-HU-en_2017-06-12	u2017-06-12-281	Hungarian parliamentary corpus ParlaMint-HU, legislative session of 2017 spring, meeting 81, day 1, 2017-06-12 [ParlaMint.ana]	2017-06-12	Unicameralism	7. ciklus	-	81. ülés	1. ülésnap	-	Reference	English	Chairperson	MP	notMinister	Fidesz-frakció	Parliamentary group of the Fidesz – Hungarian Civic Alliance in the 7th parliamentary term	Coalition	Right to far-right	LezsakSandor	Lezsák, Sándor	M	1949	
ParlaMint-HU-en_2017-06-12	u2017-06-12-282	Hungarian parliamentary corpus ParlaMint-HU, legislative session of 2017 spring, meeting 81, day 1, 2017-06-12 [ParlaMint.ana]	2017-06-12	Unicameralism	7. ciklus	-	81. ülés	1. ülésnap	-	Reference	English	Regular	MP	notMinister	Fidesz-frakció	Parliamentary group of the Fidesz – Hungarian Civic Alliance in the 7th parliamentary term	Coalition	Right to far-right	VolnerPal	Völner, Pál	M	1962	
ParlaMint-HU-en_2017-06-12	u2017-06-12-283	Hungarian parliamentary corpus ParlaMint-HU, legislative session of 2017 spring, meeting 81, day 1, 2017-06-12 [ParlaMint.ana]	2017-06-12	Unicameralism	7. ciklus	-	81. ülés	1. ülésnap	-	Reference	English	Chairperson	MP	notMinister	Fidesz-frakció	Parliamentary group of the Fidesz – Hungarian Civic Alliance in the 7th parliamentary term	Coalition	Right to far-right	LezsakSandor	Lezsák, Sándor	M	1949	
ParlaMint-HU-en_2017-06-12	u2017-06-12-284	Hungarian parliamentary corpus ParlaMint-HU, legislative session of 2017 spring, meeting 81, day 1, 2017-06-12 [ParlaMint.ana]	2017-06-12	Unicameralism	7. ciklus	-	81. ülés	1. ülésnap	-	Reference	English	Regular	MP	notMinister	Fidesz-frakció	Parliamentary group of the Fidesz – Hungarian Civic Alliance in the 7th parliamentary term	Coalition	Right to far-right	DunaiMonika	Dunai, Mónika	F	1966	
ParlaMint-HU-en_2017-06-12	u2017-06-12-285	Hungarian parliamentary corpus ParlaMint-HU, legislative session of 2017 spring, meeting 81, day 1, 2017-06-12 [ParlaMint.ana]	2017-06-12	Unicameralism	7. ciklus	-	81. ülés	1. ülésnap	-	Reference	English	Chairperson	MP	notMinister	Fidesz-frakció	Parliamentary group of the Fidesz – Hungarian Civic Alliance in the 7th parliamentary term	Coalition	Right to far-right	LezsakSandor	Lezsák, Sándor	M	1949	
ParlaMint-HU-en_2017-06-12	u2017-06-12-286	Hungarian parliamentary corpus ParlaMint-HU, legislative session of 2017 spring, meeting 81, day 1, 2017-06-12 [ParlaMint.ana]	2017-06-12	Unicameralism	7. ciklus	-	81. ülés	1. ülésnap	-	Reference	English	Regular	MP	notMinister	Fidesz-frakció	Parliamentary group of the Fidesz – Hungarian Civic Alliance in the 7th parliamentary term	Coalition	Right to far-right	VolnerPal	Völner, Pál	M	1962	
ParlaMint-HU-en_2017-06-12	u2017-06-12-287	Hungarian parliamentary corpus ParlaMint-HU, legislative session of 2017 spring, meeting 81, day 1, 2017-06-12 [ParlaMint.ana]	2017-06-12	Unicameralism	7. ciklus	-	81. ülés	1. ülésnap	-	Reference	English	Chairperson	MP	notMinister	Fidesz-frakció	Parliamentary group of the Fidesz – Hungarian Civic Alliance in the 7th parliamentary term	Coalition	Right to far-right	LezsakSandor	Lezsák, Sándor	M	1949	
ParlaMint-HU-en_2017-06-12	u2017-06-12-288	Hungarian parliamentary corpus ParlaMint-HU, legislative session of 2017 spring, meeting 81, day 1, 2017-06-12 [ParlaMint.ana]	2017-06-12	Unicameralism	7. ciklus	-	81. ülés	1. ülésnap	-	Reference	English	Regular	MP	notMinister	Fidesz-frakció	Parliamentary group of the Fidesz – Hungarian Civic Alliance in the 7th parliamentary term	Coalition	Right to far-right	RepassyRobert	Répássy, Róbert	M	1968	
ParlaMint-HU-en_2017-06-12	u2017-06-12-289	Hungarian parliamentary corpus ParlaMint-HU, legislative session of 2017 spring, meeting 81, day 1, 2017-06-12 [ParlaMint.ana]	2017-06-12	Unicameralism	7. ciklus	-	81. ülés	1. ülésnap	-	Reference	English	Chairperson	MP	notMinister	Fidesz-frakció	Parliamentary group of the Fidesz – Hungarian Civic Alliance in the 7th parliamentary term	Coalition	Right to far-right	LezsakSandor	Lezsák, Sándor	M	1949	
ParlaMint-HU-en_2017-06-12	u2017-06-12-290	Hungarian parliamentary corpus ParlaMint-HU, legislative session of 2017 spring, meeting 81, day 1, 2017-06-12 [ParlaMint.ana]	2017-06-12	Unicameralism	7. ciklus	-	81. ülés	1. ülésnap	-	Reference	English	Regular	MP	notMinister	JOBBIK-frakció	Parliamentary group of the Movement for a Better Hungary in the 7th parliamentary term	Opposition	Centre-right	GyureCsaba	Gyüre, Csaba	M	1965	
ParlaMint-HU-en_2017-06-12	u2017-06-12-291	Hungarian parliamentary corpus ParlaMint-HU, legislative session of 2017 spring, meeting 81, day 1, 2017-06-12 [ParlaMint.ana]	2017-06-12	Unicameralism	7. ciklus	-	81. ülés	1. ülésnap	-	Reference	English	Chairperson	MP	notMinister	Fidesz-frakció	Parliamentary group of the Fidesz – Hungarian Civic Alliance in the 7th parliamentary term	Coalition	Right to far-right	LezsakSandor	Lezsák, Sándor	M	1949	
ParlaMint-HU-en_2017-06-12	u2017-06-12-292	Hungarian parliamentary corpus ParlaMint-HU, legislative session of 2017 spring, meeting 81, day 1, 2017-06-12 [ParlaMint.ana]	2017-06-12	Unicameralism	7. ciklus	-	81. ülés	1. ülésnap	-	Reference	English	Regular	MP	notMinister	JOBBIK-frakció	Parliamentary group of the Movement for a Better Hungary in the 7th parliamentary term	Opposition	Centre-right	SzavayIstvan	Szávay, István	M	1981	
ParlaMint-HU-en_2017-06-12	u2017-06-12-293	Hungarian parliamentary corpus ParlaMint-HU, legislative session of 2017 spring, meeting 81, day 1, 2017-06-12 [ParlaMint.ana]	2017-06-12	Unicameralism	7. ciklus	-	81. ülés	1. ülésnap	-	Reference	English	Chairperson	MP	notMinister	Fidesz-frakció	Parliamentary group of the Fidesz – Hungarian Civic Alliance in the 7th parliamentary term	Coalition	Right to far-right	LezsakSandor	Lezsák, Sándor	M	1949	
ParlaMint-HU-en_2017-06-12	u2017-06-12-294	Hungarian parliamentary corpus ParlaMint-HU, legislative session of 2017 spring, meeting 81, day 1, 2017-06-12 [ParlaMint.ana]	2017-06-12	Unicameralism	7. ciklus	-	81. ülés	1. ülésnap	-	Reference	English	Regular	MP	notMinister	LMP-frakció	Parliamentary group of the Politics Can be Different in the 7th parliamentary term	Opposition	Centre to centre-left	SchmuckErzsebet	Schmuck, Erzsébet	F	1954	
ParlaMint-HU-en_2017-06-12	u2017-06-12-295	Hungarian parliamentary corpus ParlaMint-HU, legislative session of 2017 spring, meeting 81, day 1, 2017-06-12 [ParlaMint.ana]	2017-06-12	Unicameralism	7. ciklus	-	81. ülés	1. ülésnap	-	Reference	English	Chairperson	MP	notMinister	Fidesz-frakció	Parliamentary group of the Fidesz – Hungarian Civic Alliance in the 7th parliamentary term	Coalition	Right to far-right	LezsakSandor	Lezsák, Sándor	M	1949	
ParlaMint-HU-en_2017-06-12	u2017-06-12-296	Hungarian parliamentary corpus ParlaMint-HU, legislative session of 2017 spring, meeting 81, day 1, 2017-06-12 [ParlaMint.ana]	2017-06-12	Unicameralism	7. ciklus	-	81. ülés	1. ülésnap	-	Reference	English	Regular	MP	notMinister	MSZP-frakció	Parliamentary group of the Hungarian Socialist Party in the 7th parliamentary term	Opposition	Centre-left	BangoneBorbelyIldiko	Bangóné Borbély, Ildikó	F	1972	
ParlaMint-HU-en_2017-06-12	u2017-06-12-297	Hungarian parliamentary corpus ParlaMint-HU, legislative session of 2017 spring, meeting 81, day 1, 2017-06-12 [ParlaMint.ana]	2017-06-12	Unicameralism	7. ciklus	-	81. ülés	1. ülésnap	-	Reference	English	Chairperson	MP	notMinister	Fidesz-frakció	Parliamentary group of the Fidesz – Hungarian Civic Alliance in the 7th parliamentary term	Coalition	Right to far-right	LezsakSandor	Lezsák, Sándor	M	1949	
ParlaMint-HU-en_2017-06-12	u2017-06-12-298	Hungarian parliamentary corpus ParlaMint-HU, legislative session of 2017 spring, meeting 81, day 1, 2017-06-12 [ParlaMint.ana]	2017-06-12	Unicameralism	7. ciklus	-	81. ülés	1. ülésnap	-	Reference	English	Regular	MP	notMinister	Fidesz-frakció	Parliamentary group of the Fidesz – Hungarian Civic Alliance in the 7th parliamentary term	Coalition	Right to far-right	RepassyRobert	Répássy, Róbert	M	1968	
ParlaMint-HU-en_2017-06-12	u2017-06-12-299	Hungarian parliamentary corpus ParlaMint-HU, legislative session of 2017 spring, meeting 81, day 1, 2017-06-12 [ParlaMint.ana]	2017-06-12	Unicameralism	7. ciklus	-	81. ülés	1. ülésnap	-	Reference	English	Chairperson	MP	notMinister	Fidesz-frakció	Parliamentary group of the Fidesz – Hungarian Civic Alliance in the 7th parliamentary term	Coalition	Right to far-right	LezsakSandor	Lezsák, Sándor	M	1949	
ParlaMint-HU-en_2017-06-12	u2017-06-12-300	Hungarian parliamentary corpus ParlaMint-HU, legislative session of 2017 spring, meeting 81, day 1, 2017-06-12 [ParlaMint.ana]	2017-06-12	Unicameralism	7. ciklus	-	81. ülés	1. ülésnap	-	Reference	English	Regular	MP	notMinister	Fidesz-frakció	Parliamentary group of the Fidesz – Hungarian Civic Alliance in the 7th parliamentary term	Coalition	Right to far-right	RepassyRobert	Répássy, Róbert	M	1968	
ParlaMint-HU-en_2017-06-12	u2017-06-12-301	Hungarian parliamentary corpus ParlaMint-HU, legislative session of 2017 spring, meeting 81, day 1, 2017-06-12 [ParlaMint.ana]	2017-06-12	Unicameralism	7. ciklus	-	81. ülés	1. ülésnap	-	Reference	English	Chairperson	MP	notMinister	Fidesz-frakció	Parliamentary group of the Fidesz – Hungarian Civic Alliance in the 7th parliamentary term	Coalition	Right to far-right	LezsakSandor	Lezsák, Sándor	M	1949	
ParlaMint-HU-en_2017-06-12	u2017-06-12-302	Hungarian parliamentary corpus ParlaMint-HU, legislative session of 2017 spring, meeting 81, day 1, 2017-06-12 [ParlaMint.ana]	2017-06-12	Unicameralism	7. ciklus	-	81. ülés	1. ülésnap	-	Reference	English	Regular	MP	notMinister	Fidesz-frakció	Parliamentary group of the Fidesz – Hungarian Civic Alliance in the 7th parliamentary term	Coalition	Right to far-right	RepassyRobert	Répássy, Róbert	M	1968	
ParlaMint-HU-en_2017-06-12	u2017-06-12-303	Hungarian parliamentary corpus ParlaMint-HU, legislative session of 2017 spring, meeting 81, day 1, 2017-06-12 [ParlaMint.ana]	2017-06-12	Unicameralism	7. ciklus	-	81. ülés	1. ülésnap	-	Reference	English	Chairperson	MP	notMinister	Fidesz-frakció	Parliamentary group of the Fidesz – Hungarian Civic Alliance in the 7th parliamentary term	Coalition	Right to far-right	LezsakSandor	Lezsák, Sándor	M	1949	
ParlaMint-HU-en_2017-06-12	u2017-06-12-304	Hungarian parliamentary corpus ParlaMint-HU, legislative session of 2017 spring, meeting 81, day 1, 2017-06-12 [ParlaMint.ana]	2017-06-12	Unicameralism	7. ciklus	-	81. ülés	1. ülésnap	-	Reference	English	Regular	MP	notMinister	JOBBIK-frakció	Parliamentary group of the Movement for a Better Hungary in the 7th parliamentary term	Opposition	Centre-right	GyureCsaba	Gyüre, Csaba	M	1965	
ParlaMint-HU-en_2017-06-12	u2017-06-12-305	Hungarian parliamentary corpus ParlaMint-HU, legislative session of 2017 spring, meeting 81, day 1, 2017-06-12 [ParlaMint.ana]	2017-06-12	Unicameralism	7. ciklus	-	81. ülés	1. ülésnap	-	Reference	English	Chairperson	MP	notMinister	Fidesz-frakció	Parliamentary group of the Fidesz – Hungarian Civic Alliance in the 7th parliamentary term	Coalition	Right to far-right	LezsakSandor	Lezsák, Sándor	M	1949	
ParlaMint-HU-en_2017-06-12	u2017-06-12-306	Hungarian parliamentary corpus ParlaMint-HU, legislative session of 2017 spring, meeting 81, day 1, 2017-06-12 [ParlaMint.ana]	2017-06-12	Unicameralism	7. ciklus	-	81. ülés	1. ülésnap	-	Reference	English	Regular	MP	notMinister	Fidesz-frakció	Parliamentary group of the Fidesz – Hungarian Civic Alliance in the 7th parliamentary term	Coalition	Right to far-right	VolnerPal	Völner, Pál	M	1962	
ParlaMint-HU-en_2017-06-12	u2017-06-12-307	Hungarian parliamentary corpus ParlaMint-HU, legislative session of 2017 spring, meeting 81, day 1, 2017-06-12 [ParlaMint.ana]	2017-06-12	Unicameralism	7. ciklus	-	81. ülés	1. ülésnap	-	Reference	English	Chairperson	MP	notMinister	Fidesz-frakció	Parliamentary group of the Fidesz – Hungarian Civic Alliance in the 7th parliamentary term	Coalition	Right to far-right	LezsakSandor	Lezsák, Sándor	M	1949	
ParlaMint-HU-en_2017-06-12	u2017-06-12-308	Hungarian parliamentary corpus ParlaMint-HU, legislative session of 2017 spring, meeting 81, day 1, 2017-06-12 [ParlaMint.ana]	2017-06-12	Unicameralism	7. ciklus	-	81. ülés	1. ülésnap	-	Reference	English	Regular	MP	notMinister	Fidesz-frakció	Parliamentary group of the Fidesz – Hungarian Civic Alliance in the 7th parliamentary term	Coalition	Right to far-right	RepassyRobert	Répássy, Róbert	M	1968	
ParlaMint-HU-en_2017-06-12	u2017-06-12-309	Hungarian parliamentary corpus ParlaMint-HU, legislative session of 2017 spring, meeting 81, day 1, 2017-06-12 [ParlaMint.ana]	2017-06-12	Unicameralism	7. ciklus	-	81. ülés	1. ülésnap	-	Reference	English	Chairperson	MP	notMinister	Fidesz-frakció	Parliamentary group of the Fidesz – Hungarian Civic Alliance in the 7th parliamentary term	Coalition	Right to far-right	LezsakSandor	Lezsák, Sándor	M	1949	
ParlaMint-HU-en_2017-06-12	u2017-06-12-310	Hungarian parliamentary corpus ParlaMint-HU, legislative session of 2017 spring, meeting 81, day 1, 2017-06-12 [ParlaMint.ana]	2017-06-12	Unicameralism	7. ciklus	-	81. ülés	1. ülésnap	-	Reference	English	Guest	notMP	notMinister	-	-	-	-	KissneKolesErika	Kissné Köles, Erika	F	1961	
ParlaMint-HU-en_2017-06-12	u2017-06-12-311	Hungarian parliamentary corpus ParlaMint-HU, legislative session of 2017 spring, meeting 81, day 1, 2017-06-12 [ParlaMint.ana]	2017-06-12	Unicameralism	7. ciklus	-	81. ülés	1. ülésnap	-	Reference	English	Chairperson	MP	notMinister	Fidesz-frakció	Parliamentary group of the Fidesz – Hungarian Civic Alliance in the 7th parliamentary term	Coalition	Right to far-right	LezsakSandor	Lezsák, Sándor	M	1949	
ParlaMint-HU-en_2017-06-12	u2017-06-12-312	Hungarian parliamentary corpus ParlaMint-HU, legislative session of 2017 spring, meeting 81, day 1, 2017-06-12 [ParlaMint.ana]	2017-06-12	Unicameralism	7. ciklus	-	81. ülés	1. ülésnap	-	Reference	English	Regular	MP	notMinister	JOBBIK-frakció	Parliamentary group of the Movement for a Better Hungary in the 7th parliamentary term	Opposition	Centre-right	GyureCsaba	Gyüre, Csaba	M	1965	
ParlaMint-HU-en_2017-06-12	u2017-06-12-313	Hungarian parliamentary corpus ParlaMint-HU, legislative session of 2017 spring, meeting 81, day 1, 2017-06-12 [ParlaMint.ana]	2017-06-12	Unicameralism	7. ciklus	-	81. ülés	1. ülésnap	-	Reference	English	Chairperson	MP	notMinister	Fidesz-frakció	Parliamentary group of the Fidesz – Hungarian Civic Alliance in the 7th parliamentary term	Coalition	Right to far-right	LezsakSandor	Lezsák, Sándor	M	1949	
ParlaMint-HU-en_2017-06-12	u2017-06-12-314	Hungarian parliamentary corpus ParlaMint-HU, legislative session of 2017 spring, meeting 81, day 1, 2017-06-12 [ParlaMint.ana]	2017-06-12	Unicameralism	7. ciklus	-	81. ülés	1. ülésnap	-	Reference	English	Regular	MP	notMinister	JOBBIK-frakció	Parliamentary group of the Movement for a Better Hungary in the 7th parliamentary term	Opposition	Centre-right	VagoSebestyen	Vágó, Sebestyén	M	1976	
ParlaMint-HU-en_2017-06-12	u2017-06-12-315	Hungarian parliamentary corpus ParlaMint-HU, legislative session of 2017 spring, meeting 81, day 1, 2017-06-12 [ParlaMint.ana]	2017-06-12	Unicameralism	7. ciklus	-	81. ülés	1. ülésnap	-	Reference	English	Chairperson	MP	notMinister	Fidesz-frakció	Parliamentary group of the Fidesz – Hungarian Civic Alliance in the 7th parliamentary term	Coalition	Right to far-right	LezsakSandor	Lezsák, Sándor	M	1949	
ParlaMint-HU-en_2017-06-12	u2017-06-12-316	Hungarian parliamentary corpus ParlaMint-HU, legislative session of 2017 spring, meeting 81, day 1, 2017-06-12 [ParlaMint.ana]	2017-06-12	Unicameralism	7. ciklus	-	81. ülés	1. ülésnap	-	Reference	English	Regular	MP	notMinister	Fidesz-frakció	Parliamentary group of the Fidesz – Hungarian Civic Alliance in the 7th parliamentary term	Coalition	Right to far-right	VolnerPal	Völner, Pál	M	1962	
ParlaMint-HU-en_2017-06-12	u2017-06-12-317	Hungarian parliamentary corpus ParlaMint-HU, legislative session of 2017 spring, meeting 81, day 1, 2017-06-12 [ParlaMint.ana]	2017-06-12	Unicameralism	7. ciklus	-	81. ülés	1. ülésnap	-	Reference	English	Chairperson	MP	notMinister	Fidesz-frakció	Parliamentary group of the Fidesz – Hungarian Civic Alliance in the 7th parliamentary term	Coalition	Right to far-right	LezsakSandor	Lezsák, Sándor	M	1949	
ParlaMint-HU-en_2017-06-12	u2017-06-12-318	Hungarian parliamentary corpus ParlaMint-HU, legislative session of 2017 spring, meeting 81, day 1, 2017-06-12 [ParlaMint.ana]	2017-06-12	Unicameralism	7. ciklus	-	81. ülés	1. ülésnap	-	Reference	English	Regular	MP	notMinister	Fidesz-frakció	Parliamentary group of the Fidesz – Hungarian Civic Alliance in the 7th parliamentary term	Coalition	Right to far-right	RepassyRobert	Répássy, Róbert	M	1968	
ParlaMint-HU-en_2017-06-12	u2017-06-12-319	Hungarian parliamentary corpus ParlaMint-HU, legislative session of 2017 spring, meeting 81, day 1, 2017-06-12 [ParlaMint.ana]	2017-06-12	Unicameralism	7. ciklus	-	81. ülés	1. ülésnap	-	Reference	English	Chairperson	MP	notMinister	Fidesz-frakció	Parliamentary group of the Fidesz – Hungarian Civic Alliance in the 7th parliamentary term	Coalition	Right to far-right	LezsakSandor	Lezsák, Sándor	M	1949	
ParlaMint-HU-en_2017-06-12	u2017-06-12-320	Hungarian parliamentary corpus ParlaMint-HU, legislative session of 2017 spring, meeting 81, day 1, 2017-06-12 [ParlaMint.ana]	2017-06-12	Unicameralism	7. ciklus	-	81. ülés	1. ülésnap	-	Reference	English	Regular	MP	notMinister	JOBBIK-frakció	Parliamentary group of the Movement for a Better Hungary in the 7th parliamentary term	Opposition	Centre-right	GyureCsaba	Gyüre, Csaba	M	1965	
ParlaMint-HU-en_2017-06-12	u2017-06-12-321	Hungarian parliamentary corpus ParlaMint-HU, legislative session of 2017 spring, meeting 81, day 1, 2017-06-12 [ParlaMint.ana]	2017-06-12	Unicameralism	7. ciklus	-	81. ülés	1. ülésnap	-	Reference	English	Chairperson	MP	notMinister	Fidesz-frakció	Parliamentary group of the Fidesz – Hungarian Civic Alliance in the 7th parliamentary term	Coalition	Right to far-right	LezsakSandor	Lezsák, Sándor	M	1949	
ParlaMint-HU-en_2017-06-12	u2017-06-12-322	Hungarian parliamentary corpus ParlaMint-HU, legislative session of 2017 spring, meeting 81, day 1, 2017-06-12 [ParlaMint.ana]	2017-06-12	Unicameralism	7. ciklus	-	81. ülés	1. ülésnap	-	Reference	English	Regular	MP	notMinister	Fidesz-frakció	Parliamentary group of the Fidesz – Hungarian Civic Alliance in the 7th parliamentary term	Coalition	Right to far-right	VolnerPal	Völner, Pál	M	1962	
ParlaMint-HU-en_2017-06-12	u2017-06-12-323	Hungarian parliamentary corpus ParlaMint-HU, legislative session of 2017 spring, meeting 81, day 1, 2017-06-12 [ParlaMint.ana]	2017-06-12	Unicameralism	7. ciklus	-	81. ülés	1. ülésnap	-	Reference	English	Chairperson	MP	notMinister	Fidesz-frakció	Parliamentary group of the Fidesz – Hungarian Civic Alliance in the 7th parliamentary term	Coalition	Right to far-right	LezsakSandor	Lezsák, Sándor	M	1949	
ParlaMint-HU-en_2017-06-12	u2017-06-12-324	Hungarian parliamentary corpus ParlaMint-HU, legislative session of 2017 spring, meeting 81, day 1, 2017-06-12 [ParlaMint.ana]	2017-06-12	Unicameralism	7. ciklus	-	81. ülés	1. ülésnap	-	Reference	English	Regular	MP	notMinister	Fidesz-frakció	Parliamentary group of the Fidesz – Hungarian Civic Alliance in the 7th parliamentary term	Coalition	Right to far-right	RepassyRobert	Répássy, Róbert	M	1968	
ParlaMint-HU-en_2017-06-12	u2017-06-12-325	Hungarian parliamentary corpus ParlaMint-HU, legislative session of 2017 spring, meeting 81, day 1, 2017-06-12 [ParlaMint.ana]	2017-06-12	Unicameralism	7. ciklus	-	81. ülés	1. ülésnap	-	Reference	English	Chairperson	MP	notMinister	Fidesz-frakció	Parliamentary group of the Fidesz – Hungarian Civic Alliance in the 7th parliamentary term	Coalition	Right to far-right	LezsakSandor	Lezsák, Sándor	M	1949	
ParlaMint-HU-en_2017-06-12	u2017-06-12-326	Hungarian parliamentary corpus ParlaMint-HU, legislative session of 2017 spring, meeting 81, day 1, 2017-06-12 [ParlaMint.ana]	2017-06-12	Unicameralism	7. ciklus	-	81. ülés	1. ülésnap	-	Reference	English	Regular	MP	notMinister	JOBBIK-frakció	Parliamentary group of the Movement for a Better Hungary in the 7th parliamentary term	Opposition	Centre-right	HegedusLorantne	Hegedűs, Lorántné	F	1970	
ParlaMint-HU-en_2017-06-12	u2017-06-12-327	Hungarian parliamentary corpus ParlaMint-HU, legislative session of 2017 spring, meeting 81, day 1, 2017-06-12 [ParlaMint.ana]	2017-06-12	Unicameralism	7. ciklus	-	81. ülés	1. ülésnap	-	Reference	English	Chairperson	MP	notMinister	JOBBIK-frakció	Parliamentary group of the Movement for a Better Hungary in the 7th parliamentary term	Opposition	Centre-right	SneiderTamas	Sneider, Tamás	M	1972	
ParlaMint-HU-en_2017-06-12	u2017-06-12-328	Hungarian parliamentary corpus ParlaMint-HU, legislative session of 2017 spring, meeting 81, day 1, 2017-06-12 [ParlaMint.ana]	2017-06-12	Unicameralism	7. ciklus	-	81. ülés	1. ülésnap	-	Reference	English	Guest	notMP	notMinister	Fidesz	Fidesz – Hungarian Civic Alliance	-	Right to far-right	CsepreghyNandor	Csepreghy, Nándor	M	1983	
ParlaMint-HU-en_2017-06-12	u2017-06-12-329	Hungarian parliamentary corpus ParlaMint-HU, legislative session of 2017 spring, meeting 81, day 1, 2017-06-12 [ParlaMint.ana]	2017-06-12	Unicameralism	7. ciklus	-	81. ülés	1. ülésnap	-	Reference	English	Chairperson	MP	notMinister	JOBBIK-frakció	Parliamentary group of the Movement for a Better Hungary in the 7th parliamentary term	Opposition	Centre-right	SneiderTamas	Sneider, Tamás	M	1972	
ParlaMint-HU-en_2017-06-12	u2017-06-12-330	Hungarian parliamentary corpus ParlaMint-HU, legislative session of 2017 spring, meeting 81, day 1, 2017-06-12 [ParlaMint.ana]	2017-06-12	Unicameralism	7. ciklus	-	81. ülés	1. ülésnap	-	Reference	English	Regular	MP	notMinister	KNDP-frakció	Parliamentary group of the Christian Democratic People's Party in the 7th parliamentary term	Coalition	Right	FirtlMatyas	Firtl, Mátyás	M	1949	
ParlaMint-HU-en_2017-06-12	u2017-06-12-331	Hungarian parliamentary corpus ParlaMint-HU, legislative session of 2017 spring, meeting 81, day 1, 2017-06-12 [ParlaMint.ana]	2017-06-12	Unicameralism	7. ciklus	-	81. ülés	1. ülésnap	-	Reference	English	Chairperson	MP	notMinister	JOBBIK-frakció	Parliamentary group of the Movement for a Better Hungary in the 7th parliamentary term	Opposition	Centre-right	SneiderTamas	Sneider, Tamás	M	1972	
ParlaMint-HU-en_2017-06-12	u2017-06-12-332	Hungarian parliamentary corpus ParlaMint-HU, legislative session of 2017 spring, meeting 81, day 1, 2017-06-12 [ParlaMint.ana]	2017-06-12	Unicameralism	7. ciklus	-	81. ülés	1. ülésnap	-	Reference	English	Regular	MP	notMinister	Fidesz-frakció	Parliamentary group of the Fidesz – Hungarian Civic Alliance in the 7th parliamentary term	Coalition	Right to far-right	SimonMiklos	Simon, Miklós	M	1962	
ParlaMint-HU-en_2017-06-12	u2017-06-12-333	Hungarian parliamentary corpus ParlaMint-HU, legislative session of 2017 spring, meeting 81, day 1, 2017-06-12 [ParlaMint.ana]	2017-06-12	Unicameralism	7. ciklus	-	81. ülés	1. ülésnap	-	Reference	English	Chairperson	MP	notMinister	JOBBIK-frakció	Parliamentary group of the Movement for a Better Hungary in the 7th parliamentary term	Opposition	Centre-right	SneiderTamas	Sneider, Tamás	M	1972	
ParlaMint-HU-en_2017-06-12	u2017-06-12-334	Hungarian parliamentary corpus ParlaMint-HU, legislative session of 2017 spring, meeting 81, day 1, 2017-06-12 [ParlaMint.ana]	2017-06-12	Unicameralism	7. ciklus	-	81. ülés	1. ülésnap	-	Reference	English	Guest	notMP	notMinister	Fidesz	Fidesz – Hungarian Civic Alliance	-	Right to far-right	VarghaTamas	Vargha, Tamás	M	1959	
ParlaMint-HU-en_2017-06-12	u2017-06-12-335	Hungarian parliamentary corpus ParlaMint-HU, legislative session of 2017 spring, meeting 81, day 1, 2017-06-12 [ParlaMint.ana]	2017-06-12	Unicameralism	7. ciklus	-	81. ülés	1. ülésnap	-	Reference	English	Chairperson	MP	notMinister	JOBBIK-frakció	Parliamentary group of the Movement for a Better Hungary in the 7th parliamentary term	Opposition	Centre-right	SneiderTamas	Sneider, Tamás	M	1972	
ParlaMint-HU-en_2017-06-12	u2017-06-12-336	Hungarian parliamentary corpus ParlaMint-HU, legislative session of 2017 spring, meeting 81, day 1, 2017-06-12 [ParlaMint.ana]	2017-06-12	Unicameralism	7. ciklus	-	81. ülés	1. ülésnap	-	Reference	English	Regular	MP	notMinister	Fidesz-frakció	Parliamentary group of the Fidesz – Hungarian Civic Alliance in the 7th parliamentary term	Coalition	Right to far-right	HorvathLaszlo	Horváth, László	M	1962	
ParlaMint-HU-en_2017-06-12	u2017-06-12-337	Hungarian parliamentary corpus ParlaMint-HU, legislative session of 2017 spring, meeting 81, day 1, 2017-06-12 [ParlaMint.ana]	2017-06-12	Unicameralism	7. ciklus	-	81. ülés	1. ülésnap	-	Reference	English	Chairperson	MP	notMinister	JOBBIK-frakció	Parliamentary group of the Movement for a Better Hungary in the 7th parliamentary term	Opposition	Centre-right	SneiderTamas	Sneider, Tamás	M	1972	
ParlaMint-HU-en_2017-06-12	u2017-06-12-338	Hungarian parliamentary corpus ParlaMint-HU, legislative session of 2017 spring, meeting 81, day 1, 2017-06-12 [ParlaMint.ana]	2017-06-12	Unicameralism	7. ciklus	-	81. ülés	1. ülésnap	-	Reference	English	Regular	MP	notMinister	JOBBIK-frakció	Parliamentary group of the Movement for a Better Hungary in the 7th parliamentary term	Opposition	Centre-right	VagoSebestyen	Vágó, Sebestyén	M	1976	
ParlaMint-HU-en_2017-06-12	u2017-06-12-339	Hungarian parliamentary corpus ParlaMint-HU, legislative session of 2017 spring, meeting 81, day 1, 2017-06-12 [ParlaMint.ana]	2017-06-12	Unicameralism	7. ciklus	-	81. ülés	1. ülésnap	-	Reference	English	Chairperson	MP	notMinister	JOBBIK-frakció	Parliamentary group of the Movement for a Better Hungary in the 7th parliamentary term	Opposition	Centre-right	SneiderTamas	Sneider, Tamás	M	1972	
ParlaMint-HU-en_2017-06-12	u2017-06-12-340	Hungarian parliamentary corpus ParlaMint-HU, legislative session of 2017 spring, meeting 81, day 1, 2017-06-12 [ParlaMint.ana]	2017-06-12	Unicameralism	7. ciklus	-	81. ülés	1. ülésnap	-	Reference	English	Regular	MP	notMinister	JOBBIK-frakció	Parliamentary group of the Movement for a Better Hungary in the 7th parliamentary term	Opposition	Centre-right	VagoSebestyen	Vágó, Sebestyén	M	1976	
ParlaMint-HU-en_2017-06-12	u2017-06-12-341	Hungarian parliamentary corpus ParlaMint-HU, legislative session of 2017 spring, meeting 81, day 1, 2017-06-12 [ParlaMint.ana]	2017-06-12	Unicameralism	7. ciklus	-	81. ülés	1. ülésnap	-	Reference	English	Chairperson	MP	notMinister	JOBBIK-frakció	Parliamentary group of the Movement for a Better Hungary in the 7th parliamentary term	Opposition	Centre-right	SneiderTamas	Sneider, Tamás	M	1972	
ParlaMint-HU-en_2017-06-12	u2017-06-12-342	Hungarian parliamentary corpus ParlaMint-HU, legislative session of 2017 spring, meeting 81, day 1, 2017-06-12 [ParlaMint.ana]	2017-06-12	Unicameralism	7. ciklus	-	81. ülés	1. ülésnap	-	Reference	English	Regular	MP	notMinister	MSZP-frakció	Parliamentary group of the Hungarian Socialist Party in the 7th parliamentary term	Opposition	Centre-left	BangoneBorbelyIldiko	Bangóné Borbély, Ildikó	F	1972	
ParlaMint-HU-en_2017-06-12	u2017-06-12-343	Hungarian parliamentary corpus ParlaMint-HU, legislative session of 2017 spring, meeting 81, day 1, 2017-06-12 [ParlaMint.ana]	2017-06-12	Unicameralism	7. ciklus	-	81. ülés	1. ülésnap	-	Reference	English	Chairperson	MP	notMinister	JOBBIK-frakció	Parliamentary group of the Movement for a Better Hungary in the 7th parliamentary term	Opposition	Centre-right	SneiderTamas	Sneider, Tamás	M	1972	
ParlaMint-HU-en_2017-06-12	u2017-06-12-344	Hungarian parliamentary corpus ParlaMint-HU, legislative session of 2017 spring, meeting 81, day 1, 2017-06-12 [ParlaMint.ana]	2017-06-12	Unicameralism	7. ciklus	-	81. ülés	1. ülésnap	-	Reference	English	Guest	notMP	notMinister	-	-	-	-	CzibereKaroly	Czibere, Károly	M	1973	
ParlaMint-HU-en_2017-06-12	u2017-06-12-345	Hungarian parliamentary corpus ParlaMint-HU, legislative session of 2017 spring, meeting 81, day 1, 2017-06-12 [ParlaMint.ana]	2017-06-12	Unicameralism	7. ciklus	-	81. ülés	1. ülésnap	-	Reference	English	Chairperson	MP	notMinister	JOBBIK-frakció	Parliamentary group of the Movement for a Better Hungary in the 7th parliamentary term	Opposition	Centre-right	SneiderTamas	Sneider, Tamás	M	1972	
ParlaMint-HU-en_2017-06-12	u2017-06-12-346	Hungarian parliamentary corpus ParlaMint-HU, legislative session of 2017 spring, meeting 81, day 1, 2017-06-12 [ParlaMint.ana]	2017-06-12	Unicameralism	7. ciklus	-	81. ülés	1. ülésnap	-	Reference	English	Regular	MP	notMinister	Fidesz	Fidesz – Hungarian Civic Alliance	-	Right to far-right	GalambosDenes	Galambos, Dénes	M	1957	
ParlaMint-HU-en_2017-06-12	u2017-06-12-347	Hungarian parliamentary corpus ParlaMint-HU, legislative session of 2017 spring, meeting 81, day 1, 2017-06-12 [ParlaMint.ana]	2017-06-12	Unicameralism	7. ciklus	-	81. ülés	1. ülésnap	-	Reference	English	Chairperson	MP	notMinister	JOBBIK-frakció	Parliamentary group of the Movement for a Better Hungary in the 7th parliamentary term	Opposition	Centre-right	SneiderTamas	Sneider, Tamás	M	1972	
ParlaMint-HU-en_2017-06-12	u2017-06-12-348	Hungarian parliamentary corpus ParlaMint-HU, legislative session of 2017 spring, meeting 81, day 1, 2017-06-12 [ParlaMint.ana]	2017-06-12	Unicameralism	7. ciklus	-	81. ülés	1. ülésnap	-	Reference	English	Regular	notMP	notMinister	MNOÖ	National Self-Government of Germans in Hungary	-	Centre-right	RitterImre	Ritter, Imre	M	1952	
ParlaMint-HU-en_2017-06-12	u2017-06-12-349	Hungarian parliamentary corpus ParlaMint-HU, legislative session of 2017 spring, meeting 81, day 1, 2017-06-12 [ParlaMint.ana]	2017-06-12	Unicameralism	7. ciklus	-	81. ülés	1. ülésnap	-	Reference	English	Chairperson	MP	notMinister	JOBBIK-frakció	Parliamentary group of the Movement for a Better Hungary in the 7th parliamentary term	Opposition	Centre-right	SneiderTamas	Sneider, Tamás	M	1972	
ParlaMint-HU-en_2017-06-12	u2017-06-12-350	Hungarian parliamentary corpus ParlaMint-HU, legislative session of 2017 spring, meeting 81, day 1, 2017-06-12 [ParlaMint.ana]	2017-06-12	Unicameralism	7. ciklus	-	81. ülés	1. ülésnap	-	Reference	English	Regular	MP	notMinister	JOBBIK-frakció	Parliamentary group of the Movement for a Better Hungary in the 7th parliamentary term	Opposition	Centre-right	HegedusLorantne	Hegedűs, Lorántné	F	1970	
ParlaMint-HU-en_2017-06-12	u2017-06-12-351	Hungarian parliamentary corpus ParlaMint-HU, legislative session of 2017 spring, meeting 81, day 1, 2017-06-12 [ParlaMint.ana]	2017-06-12	Unicameralism	7. ciklus	-	81. ülés	1. ülésnap	-	Reference	English	Chairperson	MP	notMinister	JOBBIK-frakció	Parliamentary group of the Movement for a Better Hungary in the 7th parliamentary term	Opposition	Centre-right	SneiderTamas	Sneider, Tamás	M	1972	
ParlaMint-HU-en_2017-06-12	u2017-06-12-352	Hungarian parliamentary corpus ParlaMint-HU, legislative session of 2017 spring, meeting 81, day 1, 2017-06-12 [ParlaMint.ana]	2017-06-12	Unicameralism	7. ciklus	-	81. ülés	1. ülésnap	-	Reference	English	Guest	notMP	notMinister	-	-	-	-	BanaiPeterBeno	Banai, Péter Benő	M	1974	
ParlaMint-HU-en_2017-06-12	u2017-06-12-353	Hungarian parliamentary corpus ParlaMint-HU, legislative session of 2017 spring, meeting 81, day 1, 2017-06-12 [ParlaMint.ana]	2017-06-12	Unicameralism	7. ciklus	-	81. ülés	1. ülésnap	-	Reference	English	Chairperson	MP	notMinister	JOBBIK-frakció	Parliamentary group of the Movement for a Better Hungary in the 7th parliamentary term	Opposition	Centre-right	SneiderTamas	Sneider, Tamás	M	1972	
ParlaMint-HU-en_2017-06-12	u2017-06-12-354	Hungarian parliamentary corpus ParlaMint-HU, legislative session of 2017 spring, meeting 81, day 1, 2017-06-12 [ParlaMint.ana]	2017-06-12	Unicameralism	7. ciklus	-	81. ülés	1. ülésnap	-	Reference	English	Regular	MP	notMinister	Fidesz	Fidesz – Hungarian Civic Alliance	-	Right to far-right	GalambosDenes	Galambos, Dénes	M	1957	
ParlaMint-HU-en_2017-06-12	u2017-06-12-355	Hungarian parliamentary corpus ParlaMint-HU, legislative session of 2017 spring, meeting 81, day 1, 2017-06-12 [ParlaMint.ana]	2017-06-12	Unicameralism	7. ciklus	-	81. ülés	1. ülésnap	-	Reference	English	Chairperson	MP	notMinister	JOBBIK-frakció	Parliamentary group of the Movement for a Better Hungary in the 7th parliamentary term	Opposition	Centre-right	SneiderTamas	Sneider, Tamás	M	1972	
ParlaMint-HU-en_2017-06-12	u2017-06-12-356	Hungarian parliamentary corpus ParlaMint-HU, legislative session of 2017 spring, meeting 81, day 1, 2017-06-12 [ParlaMint.ana]	2017-06-12	Unicameralism	7. ciklus	-	81. ülés	1. ülésnap	-	Reference	English	Regular	MP	notMinister	MSZP-frakció	Parliamentary group of the Hungarian Socialist Party in the 7th parliamentary term	Opposition	Centre-left	HeringesAnita	Heringes, Anita	F	1984	
ParlaMint-HU-en_2017-06-12	u2017-06-12-357	Hungarian parliamentary corpus ParlaMint-HU, legislative session of 2017 spring, meeting 81, day 1, 2017-06-12 [ParlaMint.ana]	2017-06-12	Unicameralism	7. ciklus	-	81. ülés	1. ülésnap	-	Reference	English	Chairperson	MP	notMinister	JOBBIK-frakció	Parliamentary group of the Movement for a Better Hungary in the 7th parliamentary term	Opposition	Centre-right	SneiderTamas	Sneider, Tamás	M	1972	
ParlaMint-HU-en_2017-06-12	u2017-06-12-358	Hungarian parliamentary corpus ParlaMint-HU, legislative session of 2017 spring, meeting 81, day 1, 2017-06-12 [ParlaMint.ana]	2017-06-12	Unicameralism	7. ciklus	-	81. ülés	1. ülésnap	-	Reference	English	Regular	MP	notMinister	JOBBIK-frakció	Parliamentary group of the Movement for a Better Hungary in the 7th parliamentary term	Opposition	Centre-right	VagoSebestyen	Vágó, Sebestyén	M	1976	
ParlaMint-HU-en_2017-06-12	u2017-06-12-359	Hungarian parliamentary corpus ParlaMint-HU, legislative session of 2017 spring, meeting 81, day 1, 2017-06-12 [ParlaMint.ana]	2017-06-12	Unicameralism	7. ciklus	-	81. ülés	1. ülésnap	-	Reference	English	Chairperson	MP	notMinister	JOBBIK-frakció	Parliamentary group of the Movement for a Better Hungary in the 7th parliamentary term	Opposition	Centre-right	SneiderTamas	Sneider, Tamás	M	1972	
ParlaMint-HU-en_2017-06-12	u2017-06-12-360	Hungarian parliamentary corpus ParlaMint-HU, legislative session of 2017 spring, meeting 81, day 1, 2017-06-12 [ParlaMint.ana]	2017-06-12	Unicameralism	7. ciklus	-	81. ülés	1. ülésnap	-	Reference	English	Regular	MP	notMinister	MSZP-frakció	Parliamentary group of the Hungarian Socialist Party in the 7th parliamentary term	Opposition	Centre-left	BangoneBorbelyIldiko	Bangóné Borbély, Ildikó	F	1972	
ParlaMint-HU-en_2017-06-12	u2017-06-12-361	Hungarian parliamentary corpus ParlaMint-HU, legislative session of 2017 spring, meeting 81, day 1, 2017-06-12 [ParlaMint.ana]	2017-06-12	Unicameralism	7. ciklus	-	81. ülés	1. ülésnap	-	Reference	English	Chairperson	MP	notMinister	JOBBIK-frakció	Parliamentary group of the Movement for a Better Hungary in the 7th parliamentary term	Opposition	Centre-right	SneiderTamas	Sneider, Tamás	M	1972	
ParlaMint-HU-en_2017-06-12	u2017-06-12-362	Hungarian parliamentary corpus ParlaMint-HU, legislative session of 2017 spring, meeting 81, day 1, 2017-06-12 [ParlaMint.ana]	2017-06-12	Unicameralism	7. ciklus	-	81. ülés	1. ülésnap	-	Reference	English	Regular	MP	notMinister	Fidesz	Fidesz – Hungarian Civic Alliance	-	Right to far-right	GalambosDenes	Galambos, Dénes	M	1957	
ParlaMint-HU-en_2017-06-12	u2017-06-12-363	Hungarian parliamentary corpus ParlaMint-HU, legislative session of 2017 spring, meeting 81, day 1, 2017-06-12 [ParlaMint.ana]	2017-06-12	Unicameralism	7. ciklus	-	81. ülés	1. ülésnap	-	Reference	English	Chairperson	MP	notMinister	JOBBIK-frakció	Parliamentary group of the Movement for a Better Hungary in the 7th parliamentary term	Opposition	Centre-right	SneiderTamas	Sneider, Tamás	M	1972	
